   5.0000000e-02   6.1706615e+00   3.7721899e+00  -3.7723334e+00  -6.1710161e+00
   1.0000000e-01   1.9881993e+00   1.4004104e+00  -1.4005796e+00  -1.9885533e+00
   1.5000000e-01   3.4101700e-01   2.9200362e-01  -2.9221905e-01  -3.4131912e-01
   2.0000000e-01   1.4895285e+00   1.0058725e+00  -1.0063219e+00  -1.4895657e+00
   2.5000000e-01   1.0649424e+00   8.5873640e-01  -8.5894518e-01  -1.0651631e+00
   3.0000000e-01   1.4353388e-01   1.0941000e-01  -1.1206864e-01  -1.4123921e-01
   3.5000000e-01   2.4919846e+00  -5.6195900e-01   5.8888017e-01  -2.5192176e+00
   4.0000000e-01   9.1157112e+00   3.7867138e+00  -3.7664066e+00  -9.1362836e+00
   4.5000000e-01   1.5907534e+01   7.8089332e+00  -7.7906437e+00  -1.5926035e+01
   5.0000000e-01   2.1849625e+01   1.1360667e+01  -1.1344114e+01  -2.1866334e+01
   5.5000000e-01   2.6659242e+01   1.4261180e+01  -1.4246114e+01  -2.6674419e+01
   6.0000000e-01   3.0133003e+01   1.6401448e+01  -1.6387634e+01  -3.0146902e+01
   6.5000000e-01   3.1922481e+01   1.7620322e+01  -1.7607570e+01  -3.1935309e+01
   7.0000000e-01   3.1483176e+01   1.7708363e+01  -1.7696521e+01  -3.1495088e+01
   7.5000000e-01   2.9349309e+01   1.6429738e+01  -1.6418685e+01  -2.9360429e+01
   8.0000000e-01   2.7620871e+01   1.5333054e+01  -1.5322693e+01  -2.7631300e+01
   8.5000000e-01   2.5988358e+01   1.4256957e+01  -1.4247206e+01  -2.5998181e+01
   9.0000000e-01   2.4497504e+01   1.3791633e+01  -1.3782423e+01  -2.4506786e+01
   9.5000000e-01   2.3014054e+01   1.2505950e+01  -1.2497225e+01  -2.3022849e+01
   1.0000000e+00   2.2590775e+01   1.2708774e+01  -1.2700486e+01  -2.2599129e+01
   1.0500000e+00   2.3178844e+01   1.3112038e+01  -1.3104145e+01  -2.3186799e+01
   1.1000000e+00   2.4409918e+01   1.3782964e+01  -1.3775430e+01  -2.4417511e+01
   1.1500000e+00   2.5573610e+01   1.4472342e+01  -1.4465136e+01  -2.5580872e+01
   1.2000000e+00   2.6240409e+01   1.4923216e+01  -1.4916309e+01  -2.6247368e+01
   1.2500000e+00   2.6040526e+01   1.4951844e+01  -1.4945214e+01  -2.6047206e+01
   1.3000000e+00   2.4891182e+01   1.4398741e+01  -1.4392366e+01  -2.4897605e+01
   1.3500000e+00   2.4025484e+01   1.3462281e+01  -1.3456142e+01  -2.4031670e+01
   1.4000000e+00   2.3228195e+01   1.3454864e+01  -1.3448945e+01  -2.3234161e+01
   1.4500000e+00   2.2356725e+01   1.2921445e+01  -1.2915729e+01  -2.2362485e+01
   1.5000000e+00   2.1144908e+01   1.2315326e+01  -1.2309800e+01  -2.1150476e+01
   1.5500000e+00   2.1283316e+01   1.2234728e+01  -1.2229381e+01  -2.1288704e+01
   1.6000000e+00   2.1589535e+01   1.2390940e+01  -1.2385760e+01  -2.1594755e+01
   1.6500000e+00   2.1327827e+01   1.2330178e+01  -1.2325155e+01  -2.1332888e+01
   1.7000000e+00   2.0576445e+01   1.1794782e+01  -1.1789907e+01  -2.0581358e+01
   1.7500000e+00   2.0002641e+01   1.1456607e+01  -1.1451871e+01  -2.0007415e+01
   1.8000000e+00   1.9469487e+01   1.1237109e+01  -1.1232505e+01  -1.9474128e+01
   1.8500000e+00   1.8916388e+01   1.0432016e+01  -1.0427536e+01  -1.8920904e+01
   1.9000000e+00   1.9382634e+01   1.0658253e+01  -1.0653891e+01  -1.9387031e+01
   1.9500000e+00   2.0129642e+01   1.1119656e+01  -1.1115406e+01  -2.0133926e+01
   2.0000000e+00   2.0750780e+01   1.1510524e+01  -1.1506380e+01  -2.0754956e+01
   2.0500000e+00   2.0833655e+01   1.1650749e+01  -1.1646707e+01  -2.0837729e+01
   2.1000000e+00   2.0307583e+01   1.1349611e+01  -1.1345665e+01  -2.0311560e+01
   2.1500000e+00   1.9849053e+01   1.1019005e+01  -1.1015150e+01  -1.9852939e+01
   2.2000000e+00   1.9362363e+01   1.0826284e+01  -1.0822517e+01  -1.9366161e+01
   2.2500000e+00   1.9092893e+01   1.0370416e+01  -1.0366733e+01  -1.9096606e+01
   2.3000000e+00   1.9267366e+01   1.0670453e+01  -1.0666849e+01  -1.9271000e+01
   2.3500000e+00   1.9697582e+01   1.0935492e+01  -1.0931965e+01  -1.9701138e+01
   2.4000000e+00   1.9932948e+01   1.1114288e+01  -1.1110835e+01  -1.9936429e+01
   2.4500000e+00   1.9631289e+01   1.1036905e+01  -1.1033522e+01  -1.9634700e+01
   2.5000000e+00   1.9215699e+01   1.0585020e+01  -1.0581705e+01  -1.9219041e+01
   2.5500000e+00   1.8797802e+01   1.0588417e+01  -1.0585167e+01  -1.8801079e+01
   2.6000000e+00   1.8749794e+01   1.0540842e+01  -1.0537654e+01  -1.8753009e+01
   2.6500000e+00   1.9000032e+01   1.0612831e+01  -1.0609704e+01  -1.9003186e+01
   2.7000000e+00   1.9370961e+01   1.0820031e+01  -1.0816962e+01  -1.9374056e+01
   2.7500000e+00   1.9397379e+01   1.0896248e+01  -1.0893234e+01  -1.9400418e+01
   2.8000000e+00   1.9018059e+01   1.0644431e+01  -1.0641471e+01  -1.9021043e+01
   2.8500000e+00   1.8692270e+01   1.0455411e+01  -1.0452503e+01  -1.8695203e+01
   2.9000000e+00   1.8349928e+01   1.0305854e+01  -1.0302996e+01  -1.8352811e+01
   2.9500000e+00   1.8081823e+01   9.7929543e+00  -9.7901450e+00  -1.8084657e+01
   3.0000000e+00   1.8404143e+01   9.9941553e+00  -9.9913929e+00  -1.8406930e+01
   3.0500000e+00   1.8672950e+01   1.0199539e+01  -1.0196822e+01  -1.8675691e+01
   3.1000000e+00   1.8543393e+01   1.0205645e+01  -1.0202971e+01  -1.8546090e+01
   3.1500000e+00   1.8213377e+01   9.9004950e+00  -9.8978641e+00  -1.8216031e+01
   3.2000000e+00   1.7889405e+01   9.8576434e+00  -9.8550536e+00  -1.7892018e+01
   3.2500000e+00   1.7877169e+01   9.8633068e+00  -9.8607569e+00  -1.7879742e+01
   3.3000000e+00   1.8089465e+01   9.9403540e+00  -9.9378427e+00  -1.8091999e+01
   3.3500000e+00   1.8305814e+01   1.0074945e+01  -1.0072471e+01  -1.8308310e+01
   3.4000000e+00   1.8136394e+01   1.0038998e+01  -1.0036561e+01  -1.8138853e+01
   3.4500000e+00   1.7841630e+01   9.7450350e+00  -9.7426329e+00  -1.7844054e+01
   3.5000000e+00   1.7617952e+01   9.7527208e+00  -9.7503531e+00  -1.7620342e+01
   3.5500000e+00   1.7287602e+01   9.5416356e+00  -9.5393012e+00  -1.7289958e+01
   3.6000000e+00   1.6793487e+01   9.2829032e+00  -9.2806012e+00  -1.6795810e+01
   3.6500000e+00   1.6905790e+01   9.2681868e+00  -9.2659164e+00  -1.6908082e+01
   3.7000000e+00   1.6767442e+01   9.2167390e+00  -9.2144992e+00  -1.6769703e+01
   3.7500000e+00   1.6525521e+01   8.9380385e+00  -8.9358286e+00  -1.6527752e+01
   3.8000000e+00   1.6291134e+01   8.9889916e+00  -8.9868108e+00  -1.6293335e+01
   3.8500000e+00   1.6356064e+01   8.9881146e+00  -8.9859622e+00  -1.6358237e+01
   3.9000000e+00   1.6586426e+01   9.0867928e+00  -9.0846679e+00  -1.6588571e+01
   3.9500000e+00   1.6677382e+01   9.1689036e+00  -9.1668056e+00  -1.6679500e+01
   4.0000000e+00   1.6458595e+01   9.0368060e+00  -9.0347343e+00  -1.6460687e+01
   4.0500000e+00   1.6248605e+01   8.9010916e+00  -8.8990454e+00  -1.6250671e+01
   4.1000000e+00   1.6110881e+01   8.8795515e+00  -8.8775303e+00  -1.6112922e+01
   4.1500000e+00   1.6002594e+01   8.7648787e+00  -8.7628818e+00  -1.6004611e+01
   4.2000000e+00   1.6124228e+01   8.7806701e+00  -8.7786970e+00  -1.6126221e+01
   4.2500000e+00   1.6005825e+01   8.7398480e+00  -8.7378982e+00  -1.6007795e+01
   4.3000000e+00   1.5801513e+01   8.5081637e+00  -8.5062365e+00  -1.5803459e+01
   4.3500000e+00   1.5629891e+01   8.5577669e+00  -8.5558619e+00  -1.5631815e+01
   4.4000000e+00   1.5677830e+01   8.5449072e+00  -8.5430238e+00  -1.5679733e+01
   4.4500000e+00   1.5877459e+01   8.6291545e+00  -8.6272923e+00  -1.5879340e+01
   4.5000000e+00   1.5908927e+01   8.6810875e+00  -8.6792460e+00  -1.5910787e+01
   4.5500000e+00   1.5712663e+01   8.5262151e+00  -8.5243938e+00  -1.5714503e+01
   4.6000000e+00   1.5527343e+01   8.4712897e+00  -8.4694882e+00  -1.5529163e+01
   4.6500000e+00   1.5488804e+01   8.4690248e+00  -8.4672427e+00  -1.5490605e+01
   4.7000000e+00   1.5559511e+01   8.4729300e+00  -8.4711669e+00  -1.5561292e+01
   4.7500000e+00   1.5556652e+01   8.4842795e+00  -8.4825349e+00  -1.5558415e+01
   4.8000000e+00   1.5370073e+01   8.3206392e+00  -8.3189128e+00  -1.5371818e+01
   4.8500000e+00   1.5206217e+01   8.2906303e+00  -8.2889218e+00  -1.5207944e+01
   4.9000000e+00   1.5150732e+01   8.2555274e+00  -8.2538363e+00  -1.5152441e+01
   4.9500000e+00   1.5234781e+01   8.2474915e+00  -8.2458174e+00  -1.5236473e+01
   5.0000000e+00   1.5303011e+01   8.2916795e+00  -8.2900222e+00  -1.5304686e+01
   5.0500000e+00   1.5138466e+01   8.1850948e+00  -8.1834539e+00  -1.5140124e+01
   5.1000000e+00   1.4975762e+01   8.0897135e+00  -8.0880887e+00  -1.4977405e+01
   5.1500000e+00   1.4939406e+01   8.1343046e+00  -8.1326956e+00  -1.4941033e+01
   5.2000000e+00   1.5050635e+01   8.1748018e+00  -8.1732083e+00  -1.5052246e+01
   5.2500000e+00   1.5049706e+01   8.1963858e+00  -8.1948074e+00  -1.5051301e+01
   5.3000000e+00   1.4886351e+01   8.0461323e+00  -8.0445688e+00  -1.4887932e+01
   5.3500000e+00   1.4747191e+01   8.0360309e+00  -8.0344820e+00  -1.4748757e+01
   5.4000000e+00   1.4700066e+01   7.9991944e+00  -7.9976599e+00  -1.4701618e+01
   5.4500000e+00   1.4736834e+01   7.9774904e+00  -7.9759699e+00  -1.4738372e+01
   5.5000000e+00   1.4674697e+01   7.9494599e+00  -7.9479533e+00  -1.4676220e+01
   5.5500000e+00   1.4523256e+01   7.7800074e+00  -7.7785144e+00  -1.4524766e+01
   5.6000000e+00   1.4399309e+01   7.8200841e+00  -7.8186045e+00  -1.4400806e+01
   5.6500000e+00   1.4450309e+01   7.8164231e+00  -7.8149565e+00  -1.4451793e+01
   5.7000000e+00   1.4554583e+01   7.8610884e+00  -7.8596347e+00  -1.4556053e+01
   5.7500000e+00   1.4458914e+01   7.8266637e+00  -7.8252226e+00  -1.4460372e+01
   5.8000000e+00   1.4324565e+01   7.6831828e+00  -7.6817541e+00  -1.4326011e+01
   5.8500000e+00   1.4242677e+01   7.7335421e+00  -7.7321257e+00  -1.4244110e+01
   5.9000000e+00   1.4291832e+01   7.7363032e+00  -7.7348988e+00  -1.4293253e+01
   5.9500000e+00   1.4283063e+01   7.7377074e+00  -7.7363148e+00  -1.4284472e+01
   6.0000000e+00   1.4143839e+01   7.6038880e+00  -7.6025070e+00  -1.4145237e+01
   6.0500000e+00   1.4026980e+01   7.6022127e+00  -7.6008431e+00  -1.4028366e+01
   6.1000000e+00   1.3997825e+01   7.5695017e+00  -7.5681433e+00  -1.3999201e+01
   6.1500000e+00   1.4033543e+01   7.5515274e+00  -7.5501801e+00  -1.4034907e+01
   6.2000000e+00   1.3948913e+01   7.5052730e+00  -7.5039365e+00  -1.3950266e+01
   6.2500000e+00   1.3827123e+01   7.3735364e+00  -7.3722107e+00  -1.3828466e+01
   6.3000000e+00   1.3747255e+01   7.4219877e+00  -7.4206725e+00  -1.3748586e+01
   6.3500000e+00   1.3818687e+01   7.4325546e+00  -7.4312497e+00  -1.3820008e+01
   6.4000000e+00   1.3834491e+01   7.4489632e+00  -7.4476686e+00  -1.3835802e+01
   6.4500000e+00   1.3712273e+01   7.3354848e+00  -7.3342001e+00  -1.3713574e+01
   6.5000000e+00   1.3598155e+01   7.3286343e+00  -7.3273596e+00  -1.3599447e+01
   6.5500000e+00   1.3599983e+01   7.3265474e+00  -7.3252824e+00  -1.3601264e+01
   6.6000000e+00   1.3611396e+01   7.3182730e+00  -7.3170176e+00  -1.3612668e+01
   6.6500000e+00   1.3500854e+01   7.2308035e+00  -7.2295575e+00  -1.3502116e+01
   6.7000000e+00   1.3393142e+01   7.1811947e+00  -7.1799580e+00  -1.3394395e+01
   6.7500000e+00   1.3353979e+01   7.1744407e+00  -7.1732132e+00  -1.3355223e+01
   6.8000000e+00   1.3369185e+01   7.1424669e+00  -7.1412484e+00  -1.3370420e+01
   6.8500000e+00   1.3305605e+01   7.1009110e+00  -7.0997014e+00  -1.3306831e+01
   6.9000000e+00   1.3196607e+01   6.9810823e+00  -6.9798815e+00  -1.3197824e+01
   6.9500000e+00   1.3123659e+01   7.0248445e+00  -7.0236523e+00  -1.3124868e+01
   7.0000000e+00   1.3178595e+01   7.0263289e+00  -7.0251453e+00  -1.3179795e+01
   7.0500000e+00   1.3160841e+01   7.0214306e+00  -7.0202553e+00  -1.3162032e+01
   7.1000000e+00   1.3050239e+01   6.9032839e+00  -6.9021170e+00  -1.3051422e+01
   7.1500000e+00   1.2966261e+01   6.9284619e+00  -6.9273031e+00  -1.2967436e+01
   7.2000000e+00   1.2973480e+01   6.9117169e+00  -6.9105661e+00  -1.2974647e+01
   7.2500000e+00   1.2939736e+01   6.8831322e+00  -6.8819894e+00  -1.2940895e+01
   7.3000000e+00   1.2830200e+01   6.7654516e+00  -6.7643166e+00  -1.2831351e+01
   7.3500000e+00   1.2749437e+01   6.7848447e+00  -6.7837174e+00  -1.2750581e+01
   7.4000000e+00   1.2736338e+01   6.7444161e+00  -6.7432965e+00  -1.2737474e+01
   7.4500000e+00   1.2726379e+01   6.7043167e+00  -6.7032046e+00  -1.2727508e+01
   7.5000000e+00   1.2627346e+01   6.5969269e+00  -6.5958222e+00  -1.2628466e+01
   7.5500000e+00   1.2532679e+01   6.5998778e+00  -6.5987804e+00  -1.2533793e+01
   7.6000000e+00   1.2541972e+01   6.5917217e+00  -6.5906315e+00  -1.2543078e+01
   7.6500000e+00   1.2559368e+01   6.5797342e+00  -6.5786511e+00  -1.2560467e+01
   7.7000000e+00   1.2470010e+01   6.4947402e+00  -6.4936642e+00  -1.2471102e+01
   7.7500000e+00   1.2381110e+01   6.4792115e+00  -6.4781425e+00  -1.2382195e+01
   7.8000000e+00   1.2369055e+01   6.4720772e+00  -6.4710150e+00  -1.2370133e+01
   7.8500000e+00   1.2345186e+01   6.4363849e+00  -6.4353295e+00  -1.2346257e+01
   7.9000000e+00   1.2249306e+01   6.3321745e+00  -6.3311258e+00  -1.2250370e+01
   7.9500000e+00   1.2171860e+01   6.3402291e+00  -6.3391870e+00  -1.2172918e+01
   8.0000000e+00   1.2146434e+01   6.2952624e+00  -6.2942267e+00  -1.2147486e+01
   8.0500000e+00   1.2110049e+01   6.2179562e+00  -6.2169270e+00  -1.2111094e+01
   8.1000000e+00   1.2016791e+01   6.1022203e+00  -6.1011974e+00  -1.2017830e+01
   8.1500000e+00   1.1937731e+01   6.1259722e+00  -6.1249557e+00  -1.1938764e+01
   8.2000000e+00   1.1942502e+01   6.0591498e+00  -6.0581394e+00  -1.1943528e+01
   8.2500000e+00   1.1932977e+01   5.9578167e+00  -5.9568125e+00  -1.1933997e+01
   8.3000000e+00   1.1846322e+01   5.8698207e+00  -5.8688226e+00  -1.1847336e+01
   8.3500000e+00   1.1772709e+01   5.8731393e+00  -5.8721471e+00  -1.1773717e+01
   8.4000000e+00   1.1772812e+01   5.7331181e+00  -5.7321318e+00  -1.1773814e+01
   8.4500000e+00   1.1721581e+01   5.7610495e+00  -5.7600691e+00  -1.1722578e+01
   8.5000000e+00   1.1632121e+01   5.7230834e+00  -5.7221087e+00  -1.1633112e+01
   8.5500000e+00   1.1584308e+01   5.7080212e+00  -5.7070523e+00  -1.1585293e+01
   8.6000000e+00   1.1548124e+01   5.7430938e+00  -5.7421305e+00  -1.1549103e+01
   8.6500000e+00   1.1460854e+01   5.7292054e+00  -5.7282476e+00  -1.1461827e+01
   8.7000000e+00   1.1384326e+01   5.6426198e+00  -5.6416675e+00  -1.1385295e+01
   8.7500000e+00   1.1348816e+01   5.6784422e+00  -5.6774954e+00  -1.1349779e+01
   8.8000000e+00   1.1328204e+01   5.6680063e+00  -5.6670649e+00  -1.1329162e+01
   8.8500000e+00   1.1255509e+01   5.6228124e+00  -5.6218763e+00  -1.1256461e+01
   8.9000000e+00   1.1185573e+01   5.5676579e+00  -5.5667271e+00  -1.1186520e+01
   8.9500000e+00   1.1160864e+01   5.5866414e+00  -5.5857158e+00  -1.1161806e+01
   9.0000000e+00   1.1137255e+01   5.5555976e+00  -5.5546771e+00  -1.1138191e+01
   9.0500000e+00   1.1058384e+01   5.4694461e+00  -5.4685307e+00  -1.1059315e+01
   9.1000000e+00   1.0998109e+01   5.4759151e+00  -5.4750048e+00  -1.0999036e+01
   9.1500000e+00   1.0964255e+01   5.4308495e+00  -5.4299442e+00  -1.0965177e+01
   9.2000000e+00   1.0871949e+01   5.3149274e+00  -5.3140270e+00  -1.0872866e+01
   9.2500000e+00   1.0795249e+01   5.3022118e+00  -5.3013162e+00  -1.0796160e+01
   9.3000000e+00   1.0756614e+01   5.2424080e+00  -5.2415172e+00  -1.0757521e+01
   9.3500000e+00   1.0682527e+01   5.2452405e+00  -5.2443545e+00  -1.0683429e+01
   9.4000000e+00   1.0573104e+01   5.2803600e+00  -5.2794787e+00  -1.0574001e+01
   9.4500000e+00   1.0521923e+01   5.2053519e+00  -5.2044753e+00  -1.0522816e+01
   9.5000000e+00   1.0478561e+01   5.2455969e+00  -5.2447250e+00  -1.0479449e+01
   9.5500000e+00   1.0367729e+01   5.2501254e+00  -5.2492581e+00  -1.0368613e+01
   9.6000000e+00   1.0287078e+01   5.1944284e+00  -5.1935656e+00  -1.0287957e+01
   9.6500000e+00   1.0243970e+01   5.1820198e+00  -5.1811615e+00  -1.0244844e+01
   9.7000000e+00   1.0160931e+01   5.1600411e+00  -5.1591874e+00  -1.0161801e+01
   9.7500000e+00   1.0140009e+01   5.1178874e+00  -5.1170379e+00  -1.0140875e+01
   9.8000000e+00   1.0079874e+01   5.0637622e+00  -5.0629170e+00  -1.0080735e+01
   9.8500000e+00   1.0034931e+01   5.0595440e+00  -5.0587031e+00  -1.0035788e+01
   9.9000000e+00   1.0038205e+01   4.9475239e+00  -4.9466872e+00  -1.0039058e+01
   9.9500000e+00   9.9772586e+00   4.9625255e+00  -4.9616931e+00  -9.9781073e+00
   1.0000000e+01   9.9236338e+00   4.9108030e+00  -4.9099747e+00  -9.9244785e+00
   1.0050000e+01   9.9072066e+00   4.9378335e+00  -4.9370093e+00  -9.9080471e+00
   1.0100000e+01   9.8613363e+00   4.9686198e+00  -4.9677998e+00  -9.8621727e+00
   1.0150000e+01   9.7914107e+00   4.9093288e+00  -4.9085128e+00  -9.7922431e+00
   1.0200000e+01   9.7594200e+00   4.9223022e+00  -4.9214902e+00  -9.7602485e+00
   1.0250000e+01   9.7267847e+00   4.9201537e+00  -4.9193457e+00  -9.7276091e+00
   1.0300000e+01   9.6493601e+00   4.8650233e+00  -4.8642193e+00  -9.6501805e+00
   1.0350000e+01   9.6073917e+00   4.8455342e+00  -4.8447340e+00  -9.6082084e+00
   1.0400000e+01   9.5547109e+00   4.8251628e+00  -4.8243666e+00  -9.5555237e+00
   1.0450000e+01   9.4639879e+00   4.7289641e+00  -4.7281716e+00  -9.4647969e+00
   1.0500000e+01   9.4367979e+00   4.7263089e+00  -4.7255201e+00  -9.4376032e+00
   1.0550000e+01   9.3740916e+00   4.6685970e+00  -4.6678121e+00  -9.3748933e+00
   1.0600000e+01   9.3841855e+00   4.6990812e+00  -4.6982999e+00  -9.3849835e+00
   1.0650000e+01   9.3473824e+00   4.7089756e+00  -4.7081980e+00  -9.3481766e+00
   1.0700000e+01   9.2966587e+00   4.6575497e+00  -4.6567757e+00  -9.2974494e+00
   1.0750000e+01   9.2879577e+00   4.6944948e+00  -4.6937245e+00  -9.2887448e+00
   1.0800000e+01   9.2457406e+00   4.6815897e+00  -4.6808230e+00  -9.2465240e+00
   1.0850000e+01   9.1859475e+00   4.6189053e+00  -4.6181420e+00  -9.1867275e+00
   1.0900000e+01   9.1647987e+00   4.6404154e+00  -4.6396557e+00  -9.1655753e+00
   1.0950000e+01   9.1037988e+00   4.5944893e+00  -4.5937332e+00  -9.1045719e+00
   1.1000000e+01   9.0360104e+00   4.5228129e+00  -4.5220601e+00  -9.0367800e+00
   1.1050000e+01   9.0053944e+00   4.5312892e+00  -4.5305399e+00  -9.0061608e+00
   1.1100000e+01   8.9294404e+00   4.4482153e+00  -4.4474693e+00  -8.9302035e+00
   1.1150000e+01   8.9256495e+00   4.4952795e+00  -4.4945368e+00  -8.9264092e+00
   1.1200000e+01   8.8768592e+00   4.4462507e+00  -4.4455114e+00  -8.8776157e+00
   1.1250000e+01   8.8587129e+00   4.4759396e+00  -4.4752036e+00  -8.8594661e+00
   1.1300000e+01   8.8505487e+00   4.4852794e+00  -4.4845467e+00  -8.8512985e+00
   1.1350000e+01   8.7933253e+00   4.4265972e+00  -4.4258676e+00  -8.7940719e+00
   1.1400000e+01   8.7683327e+00   4.4454327e+00  -4.4447065e+00  -8.7690762e+00
   1.1450000e+01   8.7409445e+00   4.4259679e+00  -4.4252448e+00  -8.7416848e+00
   1.1500000e+01   8.6770915e+00   4.3562115e+00  -4.3554915e+00  -8.6778287e+00
   1.1550000e+01   8.6468954e+00   4.3669764e+00  -4.3662596e+00  -8.6476296e+00
   1.1600000e+01   8.5875710e+00   4.3040340e+00  -4.3033203e+00  -8.5883022e+00
   1.1650000e+01   8.5410836e+00   4.2836705e+00  -4.2829597e+00  -8.5418117e+00
   1.1700000e+01   8.5052642e+00   4.2629014e+00  -4.2621937e+00  -8.5059893e+00
   1.1750000e+01   8.4718904e+00   4.2692534e+00  -4.2685487e+00  -8.4726126e+00
   1.1800000e+01   8.4733905e+00   4.2920926e+00  -4.2913910e+00  -8.4741096e+00
   1.1850000e+01   8.4219201e+00   4.2387105e+00  -4.2380118e+00  -8.4226363e+00
   1.1900000e+01   8.4031780e+00   4.2604313e+00  -4.2597357e+00  -8.4038913e+00
   1.1950000e+01   8.3753039e+00   4.2428517e+00  -4.2421589e+00  -8.3760143e+00
   1.2000000e+01   8.3168305e+00   4.1786826e+00  -4.1779926e+00  -8.3175380e+00
   1.2050000e+01   8.2930272e+00   4.1940072e+00  -4.1933202e+00  -8.2937320e+00
   1.2100000e+01   8.2367015e+00   4.1364633e+00  -4.1357791e+00  -8.2374034e+00
   1.2150000e+01   8.1880807e+00   4.1008013e+00  -4.1001199e+00  -8.1887798e+00
   1.2200000e+01   8.1563512e+00   4.0837183e+00  -4.0830397e+00  -8.1570477e+00
   1.2250000e+01   8.1251862e+00   4.0851614e+00  -4.0844856e+00  -8.1258799e+00
   1.2300000e+01   8.1178154e+00   4.1039836e+00  -4.1033106e+00  -8.1185062e+00
   1.2350000e+01   8.0761089e+00   4.0596033e+00  -4.0589329e+00  -8.0767973e+00
   1.2400000e+01   8.0650240e+00   4.0834874e+00  -4.0828199e+00  -8.0657096e+00
   1.2450000e+01   8.0162931e+00   4.0501768e+00  -4.0495120e+00  -8.0169759e+00
   1.2500000e+01   7.9794690e+00   4.0119023e+00  -4.0112400e+00  -7.9801494e+00
   1.2550000e+01   7.9541659e+00   4.0117030e+00  -4.0110435e+00  -7.9548436e+00
   1.2600000e+01   7.8842192e+00   3.9298675e+00  -3.9292105e+00  -7.8848944e+00
   1.2650000e+01   7.8711598e+00   3.9467749e+00  -3.9461205e+00  -7.8718324e+00
   1.2700000e+01   7.8263190e+00   3.8983366e+00  -3.8976848e+00  -7.8269893e+00
   1.2750000e+01   7.8250225e+00   3.9446689e+00  -3.9440197e+00  -7.8256900e+00
   1.2800000e+01   7.7952193e+00   3.9220883e+00  -3.9214417e+00  -7.7958843e+00
   1.2850000e+01   7.7646708e+00   3.9177671e+00  -3.9171231e+00  -7.7653334e+00
   1.2900000e+01   7.7414386e+00   3.9141365e+00  -3.9134950e+00  -7.7420986e+00
   1.2950000e+01   7.6884472e+00   3.8554950e+00  -3.8548558e+00  -7.6891048e+00
   1.3000000e+01   7.6663839e+00   3.8659276e+00  -3.8652911e+00  -7.6670391e+00
   1.3050000e+01   7.6113485e+00   3.8029183e+00  -3.8022841e+00  -7.6120015e+00
   1.3100000e+01   7.6000267e+00   3.8138265e+00  -3.8131947e+00  -7.6006772e+00
   1.3150000e+01   7.5653033e+00   3.7792595e+00  -3.7786300e+00  -7.5659516e+00
   1.3200000e+01   7.5595929e+00   3.8085025e+00  -3.8078756e+00  -7.5602388e+00
   1.3250000e+01   7.5371872e+00   3.8081104e+00  -3.8074858e+00  -7.5378306e+00
   1.3300000e+01   7.5057954e+00   3.7754634e+00  -3.7748411e+00  -7.5064367e+00
   1.3350000e+01   7.4879805e+00   3.7899934e+00  -3.7893737e+00  -7.4886194e+00
   1.3400000e+01   7.4366833e+00   3.7417732e+00  -3.7411557e+00  -7.4373198e+00
   1.3450000e+01   7.4168159e+00   3.7340584e+00  -3.7334431e+00  -7.4174504e+00
   1.3500000e+01   7.3697255e+00   3.6968284e+00  -3.6962154e+00  -7.3703578e+00
   1.3550000e+01   7.3549124e+00   3.6879456e+00  -3.6873347e+00  -7.3555424e+00
   1.3600000e+01   7.3211728e+00   3.6716395e+00  -3.6710310e+00  -7.3218007e+00
   1.3650000e+01   7.3108526e+00   3.6815441e+00  -3.6809378e+00  -7.3114784e+00
   1.3700000e+01   7.2880141e+00   3.6886587e+00  -3.6880549e+00  -7.2886374e+00
   1.3750000e+01   7.2546312e+00   3.6482749e+00  -3.6476731e+00  -7.2552526e+00
   1.3800000e+01   7.2373415e+00   3.6649209e+00  -3.6643215e+00  -7.2379606e+00
   1.3850000e+01   7.1848238e+00   3.6193088e+00  -3.6187115e+00  -7.1854406e+00
   1.3900000e+01   7.1704746e+00   3.6040739e+00  -3.6034786e+00  -7.1710896e+00
   1.3950000e+01   7.1280642e+00   3.5760866e+00  -3.5754935e+00  -7.1286771e+00
   1.4000000e+01   7.1213354e+00   3.5665008e+00  -3.5659097e+00  -7.1219462e+00
   1.4050000e+01   7.0879979e+00   3.5569584e+00  -3.5563694e+00  -7.0886066e+00
   1.4100000e+01   7.0763207e+00   3.5602139e+00  -3.5596271e+00  -7.0769275e+00
   1.4150000e+01   7.0488256e+00   3.5662736e+00  -3.5656891e+00  -7.0494300e+00
   1.4200000e+01   7.0202751e+00   3.5276885e+00  -3.5271058e+00  -7.0208778e+00
   1.4250000e+01   6.9953425e+00   3.5387227e+00  -3.5381424e+00  -6.9959430e+00
   1.4300000e+01   6.9595790e+00   3.4823271e+00  -3.4817485e+00  -6.9601778e+00
   1.4350000e+01   6.9433706e+00   3.4848853e+00  -3.4843087e+00  -6.9439674e+00
   1.4400000e+01   6.9136296e+00   3.4419211e+00  -3.4413464e+00  -6.9142247e+00
   1.4450000e+01   6.9084936e+00   3.4760144e+00  -3.4754419e+00  -6.9090865e+00
   1.4500000e+01   6.8724152e+00   3.4487819e+00  -3.4482114e+00  -6.8730062e+00
   1.4550000e+01   6.8641563e+00   3.4645739e+00  -3.4640055e+00  -6.8647454e+00
   1.4600000e+01   6.8262875e+00   3.4540458e+00  -3.4534795e+00  -6.8268743e+00
   1.4650000e+01   6.8088363e+00   3.4233562e+00  -3.4227915e+00  -6.8094216e+00
   1.4700000e+01   6.7731774e+00   3.4234864e+00  -3.4229241e+00  -6.7737605e+00
   1.4750000e+01   6.7549113e+00   3.3675162e+00  -3.3669552e+00  -6.7554931e+00
   1.4800000e+01   6.7269935e+00   3.3789555e+00  -3.3783966e+00  -6.7275733e+00
   1.4850000e+01   6.7178773e+00   3.3554482e+00  -3.3548910e+00  -6.7184556e+00
   1.4900000e+01   6.6965268e+00   3.3831295e+00  -3.3825745e+00  -6.6971028e+00
   1.4950000e+01   6.6743235e+00   3.3497189e+00  -3.3491655e+00  -6.6748980e+00
   1.5000000e+01   6.6483653e+00   3.3683385e+00  -3.3677875e+00  -6.6489375e+00
   1.5050000e+01   6.6122011e+00   3.3332095e+00  -3.3326602e+00  -6.6127717e+00
   1.5100000e+01   6.5930579e+00   3.3256661e+00  -3.3251186e+00  -6.5936267e+00
   1.5150000e+01   6.5707419e+00   3.2972658e+00  -3.2967199e+00  -6.5713093e+00
   1.5200000e+01   6.5642549e+00   3.2837730e+00  -3.2832287e+00  -6.5648206e+00
   1.5250000e+01   6.5401056e+00   3.2671473e+00  -3.2666048e+00  -6.5406696e+00
   1.5300000e+01   6.5253864e+00   3.2827860e+00  -3.2822454e+00  -6.5259486e+00
   1.5350000e+01   6.4905669e+00   3.2768537e+00  -3.2763152e+00  -6.4911270e+00
   1.5400000e+01   6.4727045e+00   3.2633614e+00  -3.2628245e+00  -6.4732632e+00
   1.5450000e+01   6.4415112e+00   3.2580280e+00  -3.2574933e+00  -6.4420678e+00
   1.5500000e+01   6.4343886e+00   3.2148854e+00  -3.2143517e+00  -6.4349441e+00
   1.5550000e+01   6.4097611e+00   3.2191291e+00  -3.2185973e+00  -6.4103150e+00
   1.5600000e+01   6.4000283e+00   3.1896910e+00  -3.1891607e+00  -6.4005808e+00
   1.5650000e+01   6.3695393e+00   3.2055774e+00  -3.2050491e+00  -6.3700898e+00
   1.5700000e+01   6.3543151e+00   3.1885794e+00  -3.1880526e+00  -6.3548643e+00
   1.5750000e+01   6.3223169e+00   3.2047176e+00  -3.2041934e+00  -6.3228636e+00
   1.5800000e+01   6.3082110e+00   3.1697358e+00  -3.1692125e+00  -6.3087567e+00
   1.5850000e+01   6.2816101e+00   3.1801966e+00  -3.1796756e+00  -6.2821537e+00
   1.5900000e+01   6.2707103e+00   3.1357457e+00  -3.1352255e+00  -6.2712530e+00
   1.5950000e+01   6.2438771e+00   3.1375035e+00  -3.1369852e+00  -6.2444180e+00
   1.6000000e+01   6.2348163e+00   3.1040827e+00  -3.1035657e+00  -6.2353562e+00
   1.6050000e+01   6.2108956e+00   3.1340825e+00  -3.1335676e+00  -6.2114333e+00
   1.6100000e+01   6.1966272e+00   3.1068235e+00  -3.1063099e+00  -6.1971638e+00
   1.6150000e+01   6.1650800e+00   3.1234312e+00  -3.1229200e+00  -6.1656143e+00
   1.6200000e+01   6.1492348e+00   3.0948161e+00  -3.0943059e+00  -6.1497681e+00
   1.6250000e+01   6.1262361e+00   3.0905192e+00  -3.0900107e+00  -6.1267677e+00
   1.6300000e+01   6.1219132e+00   3.0599344e+00  -3.0594270e+00  -6.1224439e+00
   1.6350000e+01   6.1029575e+00   3.0574489e+00  -3.0569432e+00  -6.1034866e+00
   1.6400000e+01   6.0853180e+00   3.0344702e+00  -3.0339659e+00  -6.0858458e+00
   1.6450000e+01   6.0560152e+00   3.0578209e+00  -3.0573187e+00  -6.0565409e+00
   1.6500000e+01   6.0364185e+00   3.0404634e+00  -3.0399626e+00  -6.0369429e+00
   1.6550000e+01   6.0160745e+00   3.0426942e+00  -3.0421953e+00  -6.0165972e+00
   1.6600000e+01   6.0064115e+00   3.0237333e+00  -3.0232355e+00  -6.0069331e+00
   1.6650000e+01   5.9835284e+00   3.0044775e+00  -3.0039810e+00  -5.9840487e+00
   1.6700000e+01   5.9728773e+00   2.9860634e+00  -2.9855683e+00  -5.9733965e+00
   1.6750000e+01   5.9505266e+00   2.9906484e+00  -2.9901550e+00  -5.9510441e+00
   1.6800000e+01   5.9384285e+00   2.9748640e+00  -2.9743719e+00  -5.9389448e+00
   1.6850000e+01   5.9087029e+00   2.9879121e+00  -2.9874222e+00  -5.9092172e+00
   1.6900000e+01   5.8957252e+00   2.9746659e+00  -2.9741772e+00  -5.8962382e+00
   1.6950000e+01   5.8749014e+00   2.9649889e+00  -2.9645017e+00  -5.8754131e+00
   1.7000000e+01   5.8700163e+00   2.9500417e+00  -2.9495556e+00  -5.8705270e+00
   1.7050000e+01   5.8488810e+00   2.9268060e+00  -2.9263212e+00  -5.8493904e+00
   1.7100000e+01   5.8335076e+00   2.9141732e+00  -2.9136898e+00  -5.8340158e+00
   1.7150000e+01   5.8068018e+00   2.9241786e+00  -2.9236969e+00  -5.8073083e+00
   1.7200000e+01   5.7985686e+00   2.9132102e+00  -2.9127297e+00  -5.7990739e+00
   1.7250000e+01   5.7744769e+00   2.9178796e+00  -2.9174010e+00  -5.7749805e+00
   1.7300000e+01   5.7641011e+00   2.9030343e+00  -2.9025568e+00  -5.7646036e+00
   1.7350000e+01   5.7403746e+00   2.8886700e+00  -2.8881939e+00  -5.7408759e+00
   1.7400000e+01   5.7327609e+00   2.8693860e+00  -2.8689110e+00  -5.7332613e+00
   1.7450000e+01   5.7078960e+00   2.8662435e+00  -2.8657700e+00  -5.7083948e+00
   1.7500000e+01   5.6937159e+00   2.8483851e+00  -2.8479128e+00  -5.6942137e+00
   1.7550000e+01   5.6734263e+00   2.8675376e+00  -2.8670674e+00  -5.6739221e+00
   1.7600000e+01   5.6700877e+00   2.8508070e+00  -2.8503376e+00  -5.6705827e+00
   1.7650000e+01   5.6505447e+00   2.8534923e+00  -2.8530246e+00  -5.6510383e+00
   1.7700000e+01   5.6357164e+00   2.8305373e+00  -2.8300706e+00  -5.6362090e+00
   1.7750000e+01   5.6115443e+00   2.8194804e+00  -2.8190150e+00  -5.6120355e+00
   1.7800000e+01   5.5989616e+00   2.7953538e+00  -2.7948894e+00  -5.5994520e+00
   1.7850000e+01   5.5774176e+00   2.8107704e+00  -2.8103080e+00  -5.5779062e+00
   1.7900000e+01   5.5609239e+00   2.7903645e+00  -2.7899030e+00  -5.5614117e+00
   1.7950000e+01   5.5541213e+00   2.8075897e+00  -2.8071301e+00  -5.5546074e+00
   1.8000000e+01   5.5450831e+00   2.7814943e+00  -2.7810353e+00  -5.5455685e+00
   1.8050000e+01   5.5294302e+00   2.7858838e+00  -2.7854263e+00  -5.5299143e+00
   1.8100000e+01   5.5048267e+00   2.7485286e+00  -2.7480721e+00  -5.5053100e+00
   1.8150000e+01   5.4929772e+00   2.7574490e+00  -2.7569939e+00  -5.4934590e+00
   1.8200000e+01   5.4707960e+00   2.7359805e+00  -2.7355265e+00  -5.4712769e+00
   1.8250000e+01   5.4607402e+00   2.7582234e+00  -2.7577714e+00  -5.4612193e+00
   1.8300000e+01   5.4401314e+00   2.7358258e+00  -2.7353747e+00  -5.4406096e+00
   1.8350000e+01   5.4369519e+00   2.7468863e+00  -2.7464367e+00  -5.4374288e+00
   1.8400000e+01   5.4159840e+00   2.7127641e+00  -2.7123152e+00  -5.4164602e+00
   1.8450000e+01   5.4028557e+00   2.7178700e+00  -2.7174226e+00  -5.4033307e+00
   1.8500000e+01   5.3829899e+00   2.6916568e+00  -2.6912102e+00  -5.3834640e+00
   1.8550000e+01   5.3790097e+00   2.7002061e+00  -2.6997608e+00  -5.3794825e+00
   1.8600000e+01   5.3595881e+00   2.6963076e+00  -2.6958637e+00  -5.3600598e+00
   1.8650000e+01   5.3500190e+00   2.6978529e+00  -2.6974104e+00  -5.3504894e+00
   1.8700000e+01   5.3366218e+00   2.6833156e+00  -2.6828741e+00  -5.3370914e+00
   1.8750000e+01   5.3153558e+00   2.6748720e+00  -2.6744318e+00  -5.3158241e+00
   1.8800000e+01   5.2941432e+00   2.6553161e+00  -2.6548769e+00  -5.2946105e+00
   1.8850000e+01   5.2802200e+00   2.6434498e+00  -2.6430117e+00  -5.2806864e+00
   1.8900000e+01   5.2736116e+00   2.6556918e+00  -2.6552551e+00  -5.2740766e+00
   1.8950000e+01   5.2544573e+00   2.6409325e+00  -2.6404970e+00  -5.2549213e+00
   1.9000000e+01   5.2495059e+00   2.6511727e+00  -2.6507387e+00  -5.2499687e+00
   1.9050000e+01   5.2332079e+00   2.6283534e+00  -2.6279201e+00  -5.2336699e+00
   1.9100000e+01   5.2212100e+00   2.6283497e+00  -2.6279177e+00  -5.2216710e+00
   1.9150000e+01   5.2008197e+00   2.5972017e+00  -2.5967704e+00  -5.2012801e+00
   1.9200000e+01   5.1986231e+00   2.6096228e+00  -2.6091928e+00  -5.1990822e+00
   1.9250000e+01   5.1809640e+00   2.5941993e+00  -2.5937704e+00  -5.1814223e+00
   1.9300000e+01   5.1687383e+00   2.6091714e+00  -2.6087441e+00  -5.1691950e+00
   1.9350000e+01   5.1562451e+00   2.5893272e+00  -2.5889006e+00  -5.1567012e+00
   1.9400000e+01   5.1362789e+00   2.5919961e+00  -2.5915712e+00  -5.1367335e+00
   1.9450000e+01   5.1187969e+00   2.5637731e+00  -2.5633486e+00  -5.1192510e+00
   1.9500000e+01   5.1057390e+00   2.5620472e+00  -2.5616241e+00  -5.1061921e+00
   1.9550000e+01   5.0991120e+00   2.5603845e+00  -2.5599623e+00  -5.0995641e+00
   1.9600000e+01   5.0786985e+00   2.5536198e+00  -2.5531990e+00  -5.0791494e+00
   1.9650000e+01   5.0741866e+00   2.5605886e+00  -2.5601690e+00  -5.0746364e+00
   1.9700000e+01   5.0562463e+00   2.5444423e+00  -2.5440237e+00  -5.0566952e+00
   1.9750000e+01   5.0435293e+00   2.5424430e+00  -2.5420256e+00  -5.0439772e+00
   1.9800000e+01   5.0316566e+00   2.5149729e+00  -2.5145560e+00  -5.0321041e+00
   1.9850000e+01   5.0263407e+00   2.5228098e+00  -2.5223940e+00  -5.0267871e+00
   1.9900000e+01   5.0118760e+00   2.5070369e+00  -2.5066221e+00  -5.0123217e+00
   1.9950000e+01   5.0001189e+00   2.5226838e+00  -2.5222706e+00  -5.0005630e+00
   2.0000000e+01   4.9905019e+00   2.5058683e+00  -2.5054557e+00  -4.9909456e+00
   2.0050000e+01   4.9686396e+00   2.5079550e+00  -2.5075442e+00  -4.9690817e+00
   2.0100000e+01   4.9634118e+00   2.4840870e+00  -2.4836763e+00  -4.9638537e+00
   2.0150000e+01   4.9481530e+00   2.4795010e+00  -2.4790915e+00  -4.9485940e+00
   2.0200000e+01   4.9370825e+00   2.4785636e+00  -2.4781552e+00  -4.9375225e+00
   2.0250000e+01   4.9242043e+00   2.4683902e+00  -2.4679827e+00  -4.9246434e+00
   2.0300000e+01   4.9098917e+00   2.4792759e+00  -2.4788702e+00  -4.9103293e+00
   2.0350000e+01   4.8914488e+00   2.4598920e+00  -2.4594870e+00  -4.8918856e+00
   2.0400000e+01   4.8811245e+00   2.4632180e+00  -2.4628144e+00  -4.8815603e+00
   2.0450000e+01   4.8726913e+00   2.4337021e+00  -2.4332985e+00  -4.8731270e+00
   2.0500000e+01   4.8551805e+00   2.4409023e+00  -2.4405002e+00  -4.8556149e+00
   2.0550000e+01   4.8505525e+00   2.4327576e+00  -2.4323562e+00  -4.8509864e+00
   2.0600000e+01   4.8323449e+00   2.4380973e+00  -2.4376977e+00  -4.8327771e+00
   2.0650000e+01   4.8207754e+00   2.4316504e+00  -2.4312517e+00  -4.8212068e+00
   2.0700000e+01   4.8126951e+00   2.4233008e+00  -2.4229028e+00  -4.8131260e+00
   2.0750000e+01   4.8008838e+00   2.4126836e+00  -2.4122863e+00  -4.8013140e+00
   2.0800000e+01   4.7932409e+00   2.3944846e+00  -2.3940879e+00  -4.7936708e+00
   2.0850000e+01   4.7834409e+00   2.4048421e+00  -2.4044467e+00  -4.7838695e+00
   2.0900000e+01   4.7709170e+00   2.3896364e+00  -2.3892417e+00  -4.7713451e+00
   2.0950000e+01   4.7565916e+00   2.4028494e+00  -2.4024566e+00  -4.7570179e+00
   2.1000000e+01   4.7507932e+00   2.3836330e+00  -2.3832403e+00  -4.7512194e+00
   2.1050000e+01   4.7364770e+00   2.3845657e+00  -2.3841744e+00  -4.7369022e+00
   2.1100000e+01   4.7304682e+00   2.3655512e+00  -2.3651602e+00  -4.7308930e+00
   2.1150000e+01   4.7188636e+00   2.3591662e+00  -2.3587761e+00  -4.7192877e+00
   2.1200000e+01   4.7017399e+00   2.3688222e+00  -2.3684337e+00  -4.7021626e+00
   2.1250000e+01   4.6967458e+00   2.3555949e+00  -2.3552068e+00  -4.6971682e+00
   2.1300000e+01   4.6798932e+00   2.3636162e+00  -2.3632300e+00  -4.6803140e+00
   2.1350000e+01   4.6748525e+00   2.3390862e+00  -2.3386999e+00  -4.6752733e+00
   2.1400000e+01   4.6642571e+00   2.3427860e+00  -2.3424008e+00  -4.6646770e+00
   2.1450000e+01   4.6482608e+00   2.3239488e+00  -2.3235643e+00  -4.6486802e+00
   2.1500000e+01   4.6408676e+00   2.3274655e+00  -2.3270821e+00  -4.6412860e+00
   2.1550000e+01   4.6241008e+00   2.3297156e+00  -2.3293336e+00  -4.6245180e+00
   2.1600000e+01   4.6174374e+00   2.3213796e+00  -2.3209981e+00  -4.6178540e+00
   2.1650000e+01   4.6076662e+00   2.3212462e+00  -2.3208659e+00  -4.6080819e+00
   2.1700000e+01   4.5948760e+00   2.2974348e+00  -2.2970548e+00  -4.5952915e+00
   2.1750000e+01   4.5856948e+00   2.3015250e+00  -2.3011461e+00  -4.5861093e+00
   2.1800000e+01   4.5704243e+00   2.2893555e+00  -2.2889774e+00  -4.5708383e+00
   2.1850000e+01   4.5613414e+00   2.2973393e+00  -2.2969626e+00  -4.5617540e+00
   2.1900000e+01   4.5515988e+00   2.2925018e+00  -2.2921260e+00  -4.5520109e+00
   2.1950000e+01   4.5421663e+00   2.2847641e+00  -2.2843890e+00  -4.5425776e+00
   2.2000000e+01   4.5315756e+00   2.2779976e+00  -2.2776233e+00  -4.5319862e+00
   2.2050000e+01   4.5193325e+00   2.2582596e+00  -2.2578857e+00  -4.5197430e+00
   2.2100000e+01   4.5058665e+00   2.2671599e+00  -2.2667875e+00  -4.5062754e+00
   2.2150000e+01   4.4967307e+00   2.2561790e+00  -2.2558071e+00  -4.4971395e+00
   2.2200000e+01   4.4888150e+00   2.2645877e+00  -2.2642174e+00  -4.4892223e+00
   2.2250000e+01   4.4789040e+00   2.2534429e+00  -2.2530730e+00  -4.4793110e+00
   2.2300000e+01   4.4695135e+00   2.2454052e+00  -2.2450360e+00  -4.4699200e+00
   2.2350000e+01   4.4550223e+00   2.2381376e+00  -2.2377693e+00  -4.4554280e+00
   2.2400000e+01   4.4462002e+00   2.2232644e+00  -2.2228966e+00  -4.4466057e+00
   2.2450000e+01   4.4372616e+00   2.2374680e+00  -2.2371019e+00  -4.4376654e+00
   2.2500000e+01   4.4286205e+00   2.2254087e+00  -2.2250428e+00  -4.4290242e+00
   2.2550000e+01   4.4207524e+00   2.2291280e+00  -2.2287634e+00  -4.4211551e+00
   2.2600000e+01   4.4068589e+00   2.2141748e+00  -2.2138107e+00  -4.4072611e+00
   2.2650000e+01   4.3980999e+00   2.2048444e+00  -2.2044809e+00  -4.3985018e+00
   2.2700000e+01   4.3861460e+00   2.2057953e+00  -2.2054330e+00  -4.3865467e+00
   2.2750000e+01   4.3784272e+00   2.1934146e+00  -2.1930526e+00  -4.3788278e+00
   2.2800000e+01   4.3716267e+00   2.2060708e+00  -2.2057104e+00  -4.3720258e+00
   2.2850000e+01   4.3608785e+00   2.1916243e+00  -2.1912643e+00  -4.3612774e+00
   2.2900000e+01   4.3517383e+00   2.1906498e+00  -2.1902907e+00  -4.3521365e+00
   2.2950000e+01   4.3394441e+00   2.1778370e+00  -2.1774784e+00  -4.3398419e+00
   2.3000000e+01   4.3315590e+00   2.1669847e+00  -2.1666266e+00  -4.3319565e+00
   2.3050000e+01   4.3243488e+00   2.1785791e+00  -2.1782224e+00  -4.3247449e+00
   2.3100000e+01   4.3169280e+00   2.1661197e+00  -2.1657634e+00  -4.3173241e+00
   2.3150000e+01   4.3062627e+00   2.1722137e+00  -2.1718589e+00  -4.3066575e+00
   2.3200000e+01   4.2964668e+00   2.1561727e+00  -2.1558180e+00  -4.2968615e+00
   2.3250000e+01   4.2856068e+00   2.1499125e+00  -2.1495586e+00  -4.2860009e+00
   2.3300000e+01   4.2788320e+00   2.1484963e+00  -2.1481432e+00  -4.2792254e+00
   2.3350000e+01   4.2715230e+00   2.1370852e+00  -2.1367325e+00  -4.2719163e+00
   2.3400000e+01   4.2619358e+00   2.1492757e+00  -2.1489246e+00  -4.2623276e+00
   2.3450000e+01   4.2553249e+00   2.1356604e+00  -2.1353094e+00  -4.2557167e+00
   2.3500000e+01   4.2415867e+00   2.1346545e+00  -2.1343048e+00  -4.2419774e+00
   2.3550000e+01   4.2368366e+00   2.1229937e+00  -2.1226442e+00  -4.2372272e+00
   2.3600000e+01   4.2262496e+00   2.1119159e+00  -2.1115670e+00  -4.2266399e+00
   2.3650000e+01   4.2198216e+00   2.1231523e+00  -2.1228046e+00  -4.2202107e+00
   2.3700000e+01   4.2128059e+00   2.1118829e+00  -2.1115356e+00  -4.2131949e+00
   2.3750000e+01   4.1985508e+00   2.1160668e+00  -2.1157211e+00  -4.1989384e+00
   2.3800000e+01   4.1944930e+00   2.1032694e+00  -2.1029236e+00  -4.1948806e+00
   2.3850000e+01   4.1803816e+00   2.0934525e+00  -2.0931075e+00  -4.1807688e+00
   2.3900000e+01   4.1776362e+00   2.0956635e+00  -2.0953192e+00  -4.1780227e+00
   2.3950000e+01   4.1666229e+00   2.0845698e+00  -2.0842260e+00  -4.1670091e+00
   2.4000000e+01   4.1568556e+00   2.0944391e+00  -2.0940969e+00  -4.1572404e+00
   2.4050000e+01   4.1489594e+00   2.0842955e+00  -2.0839536e+00  -4.1493440e+00
   2.4100000e+01   4.1358954e+00   2.0777490e+00  -2.0774080e+00  -4.1362794e+00
   2.4150000e+01   4.1308775e+00   2.0722887e+00  -2.0719481e+00  -4.1312611e+00
   2.4200000e+01   4.1194584e+00   2.0588405e+00  -2.0585004e+00  -4.1198418e+00
   2.4250000e+01   4.1117910e+00   2.0696331e+00  -2.0692944e+00  -4.1121731e+00
   2.4300000e+01   4.0998198e+00   2.0626868e+00  -2.0623489e+00  -4.1002014e+00
   2.4350000e+01   4.0904885e+00   2.0594514e+00  -2.0591144e+00  -4.0908692e+00
   2.4400000e+01   4.0789679e+00   2.0538493e+00  -2.0535131e+00  -4.0793480e+00
   2.4450000e+01   4.0746874e+00   2.0373640e+00  -2.0370276e+00  -4.0750680e+00
   2.4500000e+01   4.0619664e+00   2.0438698e+00  -2.0435350e+00  -4.0623455e+00
   2.4550000e+01   4.0566724e+00   2.0388223e+00  -2.0384878e+00  -4.0570515e+00
   2.4600000e+01   4.0445166e+00   2.0388173e+00  -2.0384843e+00  -4.0448942e+00
   2.4650000e+01   4.0379779e+00   2.0369292e+00  -2.0365970e+00  -4.0383551e+00
   2.4700000e+01   4.0323018e+00   2.0203663e+00  -2.0200336e+00  -4.0326794e+00
   2.4750000e+01   4.0250809e+00   2.0224977e+00  -2.0221660e+00  -4.0254577e+00
   2.4800000e+01   4.0182804e+00   2.0149590e+00  -2.0146277e+00  -4.0186572e+00
   2.4850000e+01   4.0109278e+00   2.0157227e+00  -2.0153923e+00  -4.0113036e+00
   2.4900000e+01   4.0033890e+00   2.0183395e+00  -2.0180103e+00  -4.0037640e+00
   2.4950000e+01   3.9985360e+00   2.0037234e+00  -2.0033939e+00  -3.9989112e+00
   2.5000000e+01   3.9923947e+00   2.0054832e+00  -2.0051547e+00  -3.9927693e+00
   2.5050000e+01   3.9827514e+00   1.9928626e+00  -1.9925343e+00  -3.9831258e+00
   2.5100000e+01   3.9779488e+00   1.9913376e+00  -1.9910100e+00  -3.9783227e+00
   2.5150000e+01   3.9647168e+00   1.9978731e+00  -1.9975470e+00  -3.9650894e+00
   2.5200000e+01   3.9614258e+00   1.9861631e+00  -1.9858369e+00  -3.9617986e+00
   2.5250000e+01   3.9497708e+00   1.9889974e+00  -1.9886726e+00  -3.9501425e+00
   2.5300000e+01   3.9438917e+00   1.9741579e+00  -1.9738330e+00  -3.9442636e+00
   2.5350000e+01   3.9321985e+00   1.9689130e+00  -1.9685888e+00  -3.9325699e+00
   2.5400000e+01   3.9225595e+00   1.9755113e+00  -1.9751886e+00  -3.9229296e+00
   2.5450000e+01   3.9107384e+00   1.9656668e+00  -1.9653446e+00  -3.9111081e+00
   2.5500000e+01   3.9062954e+00   1.9698616e+00  -1.9695406e+00  -3.9066641e+00
   2.5550000e+01   3.8937597e+00   1.9587041e+00  -1.9583834e+00  -3.8941282e+00
   2.5600000e+01   3.8904172e+00   1.9492570e+00  -1.9489363e+00  -3.8907861e+00
   2.5650000e+01   3.8793364e+00   1.9527296e+00  -1.9524103e+00  -3.8797038e+00
   2.5700000e+01   3.8754678e+00   1.9450387e+00  -1.9447194e+00  -3.8758356e+00
   2.5750000e+01   3.8703931e+00   1.9494879e+00  -1.9491698e+00  -3.8707598e+00
   2.5800000e+01   3.8668337e+00   1.9448560e+00  -1.9445381e+00  -3.8672005e+00
   2.5850000e+01   3.8579874e+00   1.9317207e+00  -1.9314029e+00  -3.8583541e+00
   2.5900000e+01   3.8547350e+00   1.9329745e+00  -1.9326575e+00  -3.8551012e+00
   2.5950000e+01   3.8426533e+00   1.9252677e+00  -1.9249512e+00  -3.8430191e+00
   2.6000000e+01   3.8404697e+00   1.9269966e+00  -1.9266808e+00  -3.8408350e+00
   2.6050000e+01   3.8294331e+00   1.9288376e+00  -1.9285231e+00  -3.8297973e+00
   2.6100000e+01   3.8230942e+00   1.9150875e+00  -1.9147729e+00  -3.8234587e+00
   2.6150000e+01   3.8116906e+00   1.9161004e+00  -1.9157870e+00  -3.8120541e+00
   2.6200000e+01   3.8017694e+00   1.9073337e+00  -1.9070206e+00  -3.8021327e+00
   2.6250000e+01   3.7903194e+00   1.9032878e+00  -1.9029757e+00  -3.7906819e+00
   2.6300000e+01   3.7871532e+00   1.9107532e+00  -1.9104424e+00  -3.7875146e+00
   2.6350000e+01   3.7757486e+00   1.8992156e+00  -1.8989050e+00  -3.7761099e+00
   2.6400000e+01   3.7731749e+00   1.8991146e+00  -1.8988046e+00  -3.7735360e+00
   2.6450000e+01   3.7649706e+00   1.8906011e+00  -1.8902912e+00  -3.7653316e+00
   2.6500000e+01   3.7610807e+00   1.8815526e+00  -1.8812428e+00  -3.7614419e+00
   2.6550000e+01   3.7575924e+00   1.8904032e+00  -1.8900946e+00  -3.7579525e+00
   2.6600000e+01   3.7531291e+00   1.8840007e+00  -1.8836923e+00  -3.7534893e+00
   2.6650000e+01   3.7443034e+00   1.8803158e+00  -1.8800081e+00  -3.7446630e+00
   2.6700000e+01   3.7390950e+00   1.8769269e+00  -1.8766197e+00  -3.7394544e+00
   2.6750000e+01   3.7269786e+00   1.8634293e+00  -1.8631225e+00  -3.7273379e+00
   2.6800000e+01   3.7208007e+00   1.8680441e+00  -1.8677383e+00  -3.7211591e+00
   2.6850000e+01   3.7113332e+00   1.8684854e+00  -1.8681807e+00  -3.7116907e+00
   2.6900000e+01   3.7007579e+00   1.8608449e+00  -1.8605408e+00  -3.7011149e+00
   2.6950000e+01   3.6935649e+00   1.8625526e+00  -1.8622498e+00  -3.6939210e+00
   2.7000000e+01   3.6850672e+00   1.8486111e+00  -1.8483079e+00  -3.6854237e+00
   2.7050000e+01   3.6820913e+00   1.8464099e+00  -1.8461070e+00  -3.6824478e+00
   2.7100000e+01   3.6782998e+00   1.8516360e+00  -1.8513341e+00  -3.6786554e+00
   2.7150000e+01   3.6758403e+00   1.8433211e+00  -1.8430191e+00  -3.6761962e+00
   2.7200000e+01   3.6669726e+00   1.8457425e+00  -1.8454417e+00  -3.6673275e+00
   2.7250000e+01   3.6644175e+00   1.8370141e+00  -1.8367132e+00  -3.6647727e+00
   2.7300000e+01   3.6532719e+00   1.8268277e+00  -1.8265272e+00  -3.6536270e+00
   2.7350000e+01   3.6489981e+00   1.8320395e+00  -1.8317399e+00  -3.6493523e+00
   2.7400000e+01   3.6375494e+00   1.8276101e+00  -1.8273114e+00  -3.6379031e+00
   2.7450000e+01   3.6278961e+00   1.8255600e+00  -1.8252623e+00  -3.6282488e+00
   2.7500000e+01   3.6180926e+00   1.8245774e+00  -1.8242811e+00  -3.6184443e+00
   2.7550000e+01   3.6127031e+00   1.8103923e+00  -1.8100951e+00  -3.6130558e+00
   2.7600000e+01   3.6089374e+00   1.8116521e+00  -1.8113556e+00  -3.6092896e+00
   2.7650000e+01   3.6050823e+00   1.8134602e+00  -1.8131644e+00  -3.6054340e+00
   2.7700000e+01   3.6027348e+00   1.8067029e+00  -1.8064071e+00  -3.6030867e+00
   2.7750000e+01   3.5942979e+00   1.8101326e+00  -1.8098381e+00  -3.5946487e+00
   2.7800000e+01   3.5920752e+00   1.7992713e+00  -1.7989764e+00  -3.5924265e+00
   2.7850000e+01   3.5815712e+00   1.7923734e+00  -1.7920791e+00  -3.5819222e+00
   2.7900000e+01   3.5755283e+00   1.7962150e+00  -1.7959216e+00  -3.5758784e+00
   2.7950000e+01   3.5636845e+00   1.7902525e+00  -1.7899600e+00  -3.5640341e+00
   2.8000000e+01   3.5544530e+00   1.7905064e+00  -1.7902153e+00  -3.5548014e+00
   2.8050000e+01   3.5471114e+00   1.7879968e+00  -1.7877064e+00  -3.5474593e+00
   2.8100000e+01   3.5443748e+00   1.7749392e+00  -1.7746478e+00  -3.5447239e+00
   2.8150000e+01   3.5426099e+00   1.7769855e+00  -1.7766947e+00  -3.5429585e+00
   2.8200000e+01   3.5364408e+00   1.7777430e+00  -1.7774531e+00  -3.5367888e+00
   2.8250000e+01   3.5346458e+00   1.7718413e+00  -1.7715514e+00  -3.5349940e+00
   2.8300000e+01   3.5248967e+00   1.7747521e+00  -1.7744635e+00  -3.5252439e+00
   2.8350000e+01   3.5206723e+00   1.7639099e+00  -1.7636210e+00  -3.5210198e+00
   2.8400000e+01   3.5094643e+00   1.7576423e+00  -1.7573541e+00  -3.5098115e+00
   2.8450000e+01   3.5000254e+00   1.7614695e+00  -1.7611828e+00  -3.5003712e+00
   2.8500000e+01   3.4911948e+00   1.7559086e+00  -1.7556224e+00  -3.4915403e+00
   2.8550000e+01   3.4863087e+00   1.7556183e+00  -1.7553330e+00  -3.4866536e+00
   2.8600000e+01   3.4855872e+00   1.7536785e+00  -1.7533931e+00  -3.4859324e+00
   2.8650000e+01   3.4812241e+00   1.7411330e+00  -1.7408471e+00  -3.4815700e+00
   2.8700000e+01   3.4795711e+00   1.7427678e+00  -1.7424825e+00  -3.4799166e+00
   2.8750000e+01   3.4698522e+00   1.7446771e+00  -1.7443929e+00  -3.4701968e+00
   2.8800000e+01   3.4647186e+00   1.7379295e+00  -1.7376454e+00  -3.4650632e+00
   2.8850000e+01   3.4544910e+00   1.7397718e+00  -1.7394893e+00  -3.4548344e+00
   2.8900000e+01   3.4442928e+00   1.7305487e+00  -1.7302664e+00  -3.4446361e+00
   2.8950000e+01   3.4383824e+00   1.7230663e+00  -1.7227841e+00  -3.4387259e+00
   2.9000000e+01   3.4318922e+00   1.7281273e+00  -1.7278466e+00  -3.4322343e+00
   2.9050000e+01   3.4315212e+00   1.7246549e+00  -1.7243739e+00  -3.4318639e+00
   2.9100000e+01   3.4293924e+00   1.7211317e+00  -1.7208508e+00  -3.4297351e+00
   2.9150000e+01   3.4255979e+00   1.7206847e+00  -1.7204044e+00  -3.4259404e+00
   2.9200000e+01   3.4173895e+00   1.7095533e+00  -1.7092730e+00  -3.4177321e+00
   2.9250000e+01   3.4083671e+00   1.7087286e+00  -1.7084492e+00  -3.4087091e+00
   2.9300000e+01   3.3992776e+00   1.7130453e+00  -1.7127677e+00  -3.3996180e+00
   2.9350000e+01   3.3887591e+00   1.7053443e+00  -1.7050671e+00  -3.3890992e+00
   2.9400000e+01   3.3875461e+00   1.7046069e+00  -1.7043300e+00  -3.3878863e+00
   2.9450000e+01   3.3845141e+00   1.6994954e+00  -1.6992182e+00  -3.3848546e+00
   2.9500000e+01   3.3804866e+00   1.6909940e+00  -1.6907167e+00  -3.3808276e+00
   2.9550000e+01   3.3795889e+00   1.6956183e+00  -1.6953417e+00  -3.3799293e+00
   2.9600000e+01   3.3708723e+00   1.6953925e+00  -1.6951169e+00  -3.3712120e+00
   2.9650000e+01   3.3643559e+00   1.6871285e+00  -1.6868530e+00  -3.3646956e+00
   2.9700000e+01   3.3528190e+00   1.6871597e+00  -1.6868857e+00  -3.3531575e+00
   2.9750000e+01   3.3437114e+00   1.6805610e+00  -1.6802874e+00  -3.3440496e+00
   2.9800000e+01   3.3409404e+00   1.6758276e+00  -1.6755539e+00  -3.3412791e+00
   2.9850000e+01   3.3399198e+00   1.6816702e+00  -1.6813975e+00  -3.3402576e+00
   2.9900000e+01   3.3395127e+00   1.6762985e+00  -1.6760254e+00  -3.3398512e+00
   2.9950000e+01   3.3319142e+00   1.6691063e+00  -1.6688335e+00  -3.3322526e+00
   3.0000000e+01   3.3263462e+00   1.6687564e+00  -1.6684843e+00  -3.3266841e+00
   3.0050000e+01   3.3158663e+00   1.6639136e+00  -1.6636422e+00  -3.3162038e+00
   3.0100000e+01   3.3053312e+00   1.6624070e+00  -1.6621370e+00  -3.3056675e+00
   3.0150000e+01   3.3025916e+00   1.6656391e+00  -1.6653702e+00  -3.3029272e+00
   3.0200000e+01   3.2984614e+00   1.6564818e+00  -1.6562121e+00  -3.2987978e+00
   3.0250000e+01   3.2966904e+00   1.6523323e+00  -1.6520625e+00  -3.2970272e+00
   3.0300000e+01   3.2959337e+00   1.6527601e+00  -1.6524906e+00  -3.2962703e+00
   3.0350000e+01   3.2878613e+00   1.6479869e+00  -1.6477179e+00  -3.2881978e+00
   3.0400000e+01   3.2808133e+00   1.6485194e+00  -1.6482514e+00  -3.2811489e+00
   3.0450000e+01   3.2691421e+00   1.6477488e+00  -1.6474825e+00  -3.2694762e+00
   3.0500000e+01   3.2613938e+00   1.6369707e+00  -1.6367039e+00  -3.2617285e+00
   3.0550000e+01   3.2610847e+00   1.6361062e+00  -1.6358395e+00  -3.2614198e+00
   3.0600000e+01   3.2598414e+00   1.6387440e+00  -1.6384778e+00  -3.2601760e+00
   3.0650000e+01   3.2585291e+00   1.6331099e+00  -1.6328435e+00  -3.2588642e+00
   3.0700000e+01   3.2501351e+00   1.6330366e+00  -1.6327713e+00  -3.2504694e+00
   3.0750000e+01   3.2418960e+00   1.6290286e+00  -1.6287639e+00  -3.2422299e+00
   3.0800000e+01   3.2327034e+00   1.6198335e+00  -1.6195689e+00  -3.2330374e+00
   3.0850000e+01   3.2242047e+00   1.6216875e+00  -1.6214246e+00  -3.2245374e+00
   3.0900000e+01   3.2244128e+00   1.6239377e+00  -1.6236751e+00  -3.2247454e+00
   3.0950000e+01   3.2242482e+00   1.6172062e+00  -1.6169427e+00  -3.2245817e+00
   3.1000000e+01   3.2188801e+00   1.6164277e+00  -1.6161650e+00  -3.2192132e+00
   3.1050000e+01   3.2155035e+00   1.6115650e+00  -1.6113023e+00  -3.2158367e+00
   3.1100000e+01   3.2043215e+00   1.6051376e+00  -1.6048755e+00  -3.2046545e+00
   3.1150000e+01   3.1942607e+00   1.6086856e+00  -1.6084257e+00  -3.1945917e+00
   3.1200000e+01   3.1904136e+00   1.6080680e+00  -1.6078086e+00  -3.1907443e+00
   3.1250000e+01   3.1893272e+00   1.5995555e+00  -1.5992950e+00  -3.1896592e+00
   3.1300000e+01   3.1892167e+00   1.5990983e+00  -1.5988379e+00  -3.1895489e+00
   3.1350000e+01   3.1851005e+00   1.5971243e+00  -1.5968643e+00  -3.1854325e+00
   3.1400000e+01   3.1764940e+00   1.5921800e+00  -1.5919205e+00  -3.1768258e+00
   3.1450000e+01   3.1666315e+00   1.5947760e+00  -1.5945184e+00  -3.1669615e+00
   3.1500000e+01   3.1575225e+00   1.5911224e+00  -1.5908659e+00  -3.1578517e+00
   3.1550000e+01   3.1569356e+00   1.5820900e+00  -1.5818320e+00  -3.1572664e+00
   3.1600000e+01   3.1585270e+00   1.5830274e+00  -1.5827696e+00  -3.1588580e+00
   3.1650000e+01   3.1533083e+00   1.5840774e+00  -1.5838203e+00  -3.1536387e+00
   3.1700000e+01   3.1486634e+00   1.5789806e+00  -1.5787237e+00  -3.1489939e+00
   3.1750000e+01   3.1382523e+00   1.5791941e+00  -1.5789388e+00  -3.1385815e+00
   3.1800000e+01   3.1275879e+00   1.5738868e+00  -1.5736324e+00  -3.1279163e+00
   3.1850000e+01   3.1264718e+00   1.5666837e+00  -1.5664283e+00  -3.1268016e+00
   3.1900000e+01   3.1268267e+00   1.5695674e+00  -1.5693124e+00  -3.1271561e+00
   3.1950000e+01   3.1233315e+00   1.5706189e+00  -1.5703647e+00  -3.1236605e+00
   3.2000000e+01   3.1204541e+00   1.5637928e+00  -1.5635382e+00  -3.1207835e+00
   3.2050000e+01   3.1097169e+00   1.5624197e+00  -1.5621665e+00  -3.1100455e+00
   3.2100000e+01   3.0993348e+00   1.5586736e+00  -1.5584215e+00  -3.0996624e+00
   3.2150000e+01   3.0962341e+00   1.5537334e+00  -1.5534810e+00  -3.0965624e+00
   3.2200000e+01   3.0965842e+00   1.5564947e+00  -1.5562426e+00  -3.0969121e+00
   3.2250000e+01   3.0955955e+00   1.5560199e+00  -1.5557680e+00  -3.0959237e+00
   3.2300000e+01   3.0913275e+00   1.5471571e+00  -1.5469049e+00  -3.0916561e+00
   3.2350000e+01   3.0806452e+00   1.5456516e+00  -1.5454006e+00  -3.0809730e+00
   3.2400000e+01   3.0708703e+00   1.5462169e+00  -1.5459677e+00  -3.0711965e+00
   3.2450000e+01   3.0677344e+00   1.5419129e+00  -1.5416633e+00  -3.0680612e+00
   3.2500000e+01   3.0685550e+00   1.5418630e+00  -1.5416134e+00  -3.0688820e+00
   3.2550000e+01   3.0684512e+00   1.5400341e+00  -1.5397844e+00  -3.0687786e+00
   3.2600000e+01   3.0611020e+00   1.5318623e+00  -1.5316126e+00  -3.0614296e+00
   3.2650000e+01   3.0510018e+00   1.5311094e+00  -1.5308610e+00  -3.0513284e+00
   3.2700000e+01   3.0433518e+00   1.5341723e+00  -1.5339259e+00  -3.0436766e+00
   3.2750000e+01   3.0408914e+00   1.5290423e+00  -1.5287952e+00  -3.0412171e+00
   3.2800000e+01   3.0408964e+00   1.5254460e+00  -1.5251984e+00  -3.0412229e+00
   3.2850000e+01   3.0406367e+00   1.5240618e+00  -1.5238142e+00  -3.0409634e+00
   3.2900000e+01   3.0316277e+00   1.5197553e+00  -1.5195083e+00  -3.0319541e+00
   3.2950000e+01   3.0217234e+00   1.5185738e+00  -1.5183282e+00  -3.0220485e+00
   3.3000000e+01   3.0162888e+00   1.5207696e+00  -1.5205257e+00  -3.0166126e+00
   3.3050000e+01   3.0150650e+00   1.5144486e+00  -1.5142034e+00  -3.0153902e+00
   3.3100000e+01   3.0141520e+00   1.5088314e+00  -1.5085858e+00  -3.0144781e+00
   3.3150000e+01   3.0128538e+00   1.5102792e+00  -1.5100339e+00  -3.0131796e+00
   3.3200000e+01   3.0027819e+00   1.5090307e+00  -1.5087867e+00  -3.0031068e+00
   3.3250000e+01   2.9923500e+00   1.5052789e+00  -1.5050362e+00  -2.9926737e+00
   3.3300000e+01   2.9897350e+00   1.5055341e+00  -1.5052921e+00  -2.9900585e+00
   3.3350000e+01   2.9905512e+00   1.5000211e+00  -1.4997778e+00  -2.9908760e+00
   3.3400000e+01   2.9884329e+00   1.4948619e+00  -1.4946184e+00  -2.9887583e+00
   3.3450000e+01   2.9846939e+00   1.4980187e+00  -1.4977761e+00  -2.9850185e+00
   3.3500000e+01   2.9733065e+00   1.4972788e+00  -1.4970381e+00  -2.9736297e+00
   3.3550000e+01   2.9639487e+00   1.4902900e+00  -1.4900497e+00  -2.9642715e+00
   3.3600000e+01   2.9657588e+00   1.4891875e+00  -1.4889466e+00  -2.9660826e+00
   3.3650000e+01   2.9669693e+00   1.4880229e+00  -1.4877817e+00  -2.9672935e+00
   3.3700000e+01   2.9623613e+00   1.4841452e+00  -1.4839042e+00  -2.9626857e+00
   3.3750000e+01   2.9542623e+00   1.4845918e+00  -1.4843521e+00  -2.9545856e+00
   3.3800000e+01   2.9431324e+00   1.4833638e+00  -1.4831263e+00  -2.9434538e+00
   3.3850000e+01   2.9408730e+00   1.4759792e+00  -1.4757404e+00  -2.9411960e+00
   3.3900000e+01   2.9440527e+00   1.4741000e+00  -1.4738605e+00  -2.9443766e+00
   3.3950000e+01   2.9415705e+00   1.4770881e+00  -1.4768494e+00  -2.9418938e+00
   3.4000000e+01   2.9334070e+00   1.4735017e+00  -1.4732637e+00  -2.9337299e+00
   3.4050000e+01   2.9229051e+00   1.4689677e+00  -1.4687309e+00  -2.9232270e+00
   3.4100000e+01   2.9186347e+00   1.4682811e+00  -1.4680450e+00  -2.9189563e+00
   3.4150000e+01   2.9204689e+00   1.4650408e+00  -1.4648036e+00  -2.9207917e+00
   3.4200000e+01   2.9206129e+00   1.4622037e+00  -1.4619663e+00  -2.9209362e+00
   3.4250000e+01   2.9130118e+00   1.4644418e+00  -1.4642058e+00  -2.9133339e+00
   3.4300000e+01   2.9013842e+00   1.4607287e+00  -1.4604943e+00  -2.9017049e+00
   3.4350000e+01   2.8968954e+00   1.4536276e+00  -1.4533926e+00  -2.8972170e+00
   3.4400000e+01   2.8998630e+00   1.4540151e+00  -1.4537797e+00  -2.9001853e+00
   3.4450000e+01   2.8977995e+00   1.4555208e+00  -1.4552860e+00  -2.8981216e+00
   3.4500000e+01   2.8927891e+00   1.4512504e+00  -1.4510157e+00  -2.8931112e+00
   3.4550000e+01   2.8821998e+00   1.4490325e+00  -1.4487993e+00  -2.8825206e+00
   3.4600000e+01   2.8749258e+00   1.4468053e+00  -1.4465732e+00  -2.8752457e+00
   3.4650000e+01   2.8771000e+00   1.4425989e+00  -1.4423654e+00  -2.8774217e+00
   3.4700000e+01   2.8786184e+00   1.4418771e+00  -1.4416434e+00  -2.8789405e+00
   3.4750000e+01   2.8710582e+00   1.4439868e+00  -1.4437546e+00  -2.8713791e+00
   3.4800000e+01   2.8605314e+00   1.4388153e+00  -1.4385842e+00  -2.8608515e+00
   3.4850000e+01   2.8556376e+00   1.4330013e+00  -1.4327699e+00  -2.8559583e+00
   3.4900000e+01   2.8578901e+00   1.4338635e+00  -1.4336318e+00  -2.8582112e+00
   3.4950000e+01   2.8559523e+00   1.4340928e+00  -1.4338615e+00  -2.8562734e+00
   3.5000000e+01   2.8514968e+00   1.4303176e+00  -1.4300865e+00  -2.8518179e+00
   3.5050000e+01   2.8408262e+00   1.4291828e+00  -1.4289536e+00  -2.8411458e+00
   3.5100000e+01   2.8342778e+00   1.4257965e+00  -1.4255678e+00  -2.8345969e+00
   3.5150000e+01   2.8368299e+00   1.4214473e+00  -1.4212172e+00  -2.8371508e+00
   3.5200000e+01   2.8378354e+00   1.4220949e+00  -1.4218648e+00  -2.8381564e+00
   3.5250000e+01   2.8294033e+00   1.4234898e+00  -1.4232614e+00  -2.8297231e+00
   3.5300000e+01   2.8186319e+00   1.4177393e+00  -1.4175120e+00  -2.8189507e+00
   3.5350000e+01   2.8162431e+00   1.4131369e+00  -1.4129090e+00  -2.8165629e+00
   3.5400000e+01   2.8191513e+00   1.4140066e+00  -1.4137782e+00  -2.8194716e+00
   3.5450000e+01   2.8157306e+00   1.4135092e+00  -1.4132814e+00  -2.8160508e+00
   3.5500000e+01   2.8093259e+00   1.4101023e+00  -1.4098750e+00  -2.8096458e+00
   3.5550000e+01   2.7993983e+00   1.4091787e+00  -1.4089534e+00  -2.7997165e+00
   3.5600000e+01   2.7972701e+00   1.4056252e+00  -1.4053993e+00  -2.7975890e+00
   3.5650000e+01   2.7989897e+00   1.4015289e+00  -1.4013019e+00  -2.7993101e+00
   3.5700000e+01   2.7976012e+00   1.4025919e+00  -1.4023654e+00  -2.7979213e+00
   3.5750000e+01   2.7871644e+00   1.4033226e+00  -1.4030983e+00  -2.7874827e+00
   3.5800000e+01   2.7774714e+00   1.3974723e+00  -1.3972489e+00  -2.7777890e+00
   3.5850000e+01   2.7800577e+00   1.3935913e+00  -1.3933662e+00  -2.7803772e+00
   3.5900000e+01   2.7822675e+00   1.3946024e+00  -1.3943772e+00  -2.7825873e+00
   3.5950000e+01   2.7751871e+00   1.3939033e+00  -1.3936791e+00  -2.7755063e+00
   3.6000000e+01   2.7650851e+00   1.3902679e+00  -1.3900452e+00  -2.7654030e+00
   3.6050000e+01   2.7611311e+00   1.3893054e+00  -1.3890833e+00  -2.7614487e+00
   3.6100000e+01   2.7640312e+00   1.3862818e+00  -1.3860583e+00  -2.7643505e+00
   3.6150000e+01   2.7613801e+00   1.3825883e+00  -1.3823647e+00  -2.7616998e+00
   3.6200000e+01   2.7549997e+00   1.3832439e+00  -1.3830215e+00  -2.7553184e+00
   3.6250000e+01   2.7450559e+00   1.3836125e+00  -1.3833926e+00  -2.7453723e+00
   3.6300000e+01   2.7441201e+00   1.3782781e+00  -1.3780567e+00  -2.7444383e+00
   3.6350000e+01   2.7457232e+00   1.3742690e+00  -1.3740468e+00  -2.7460427e+00
   3.6400000e+01   2.7432502e+00   1.3755819e+00  -1.3753601e+00  -2.7435693e+00
   3.6450000e+01   2.7321846e+00   1.3750417e+00  -1.3748221e+00  -2.7325019e+00
   3.6500000e+01   2.7249497e+00   1.3710157e+00  -1.3707969e+00  -2.7252664e+00
   3.6550000e+01   2.7287094e+00   1.3696846e+00  -1.3694645e+00  -2.7290279e+00
   3.6600000e+01   2.7294293e+00   1.3675209e+00  -1.3673003e+00  -2.7297484e+00
   3.6650000e+01   2.7202216e+00   1.3645303e+00  -1.3643107e+00  -2.7205400e+00
   3.6700000e+01   2.7096191e+00   1.3639646e+00  -1.3637475e+00  -2.7099352e+00
   3.6750000e+01   2.7111670e+00   1.3646348e+00  -1.3644171e+00  -2.7114840e+00
   3.6800000e+01   2.7139847e+00   1.3598156e+00  -1.3595963e+00  -2.7143036e+00
   3.6850000e+01   2.7076851e+00   1.3553603e+00  -1.3551414e+00  -2.7080040e+00
   3.6900000e+01   2.6977035e+00   1.3566583e+00  -1.3564416e+00  -2.6980202e+00
   3.6950000e+01   2.6940144e+00   1.3569953e+00  -1.3567796e+00  -2.6943305e+00
   3.7000000e+01   2.6974425e+00   1.3527676e+00  -1.3525499e+00  -2.6977608e+00
   3.7050000e+01   2.6942612e+00   1.3500218e+00  -1.3498042e+00  -2.6945797e+00
   3.7100000e+01   2.6865708e+00   1.3490256e+00  -1.3488093e+00  -2.6868883e+00
   3.7150000e+01   2.6782289e+00   1.3473085e+00  -1.3470938e+00  -2.6785451e+00
   3.7200000e+01   2.6803297e+00   1.3457751e+00  -1.3455593e+00  -2.6806473e+00
   3.7250000e+01   2.6800637e+00   1.3455975e+00  -1.3453816e+00  -2.6803816e+00
   3.7300000e+01   2.6748570e+00   1.3417449e+00  -1.3415292e+00  -2.6751748e+00
   3.7350000e+01   2.6641265e+00   1.3374781e+00  -1.3372638e+00  -2.6644434e+00
   3.7400000e+01   2.6632353e+00   1.3383835e+00  -1.3381695e+00  -2.6635520e+00
   3.7450000e+01   2.6653076e+00   1.3395146e+00  -1.3393003e+00  -2.6656250e+00
   3.7500000e+01   2.6623666e+00   1.3348973e+00  -1.3346827e+00  -2.6626846e+00
   3.7550000e+01   2.6512259e+00   1.3305033e+00  -1.3302900e+00  -2.6515429e+00
   3.7600000e+01   2.6467090e+00   1.3308552e+00  -1.3306430e+00  -2.6470250e+00
   3.7650000e+01   2.6502232e+00   1.3311866e+00  -1.3309735e+00  -2.6505405e+00
   3.7700000e+01   2.6492655e+00   1.3280478e+00  -1.3278343e+00  -2.6495835e+00
   3.7750000e+01   2.6387946e+00   1.3259069e+00  -1.3256951e+00  -2.6391112e+00
   3.7800000e+01   2.6311479e+00   1.3237918e+00  -1.3235814e+00  -2.6314632e+00
   3.7850000e+01   2.6350940e+00   1.3216732e+00  -1.3214611e+00  -2.6354115e+00
   3.7900000e+01   2.6357788e+00   1.3207040e+00  -1.3204915e+00  -2.6360968e+00
   3.7950000e+01   2.6263548e+00   1.3210519e+00  -1.3208415e+00  -2.6266712e+00
   3.8000000e+01   2.6166022e+00   1.3172829e+00  -1.3170743e+00  -2.6169170e+00
   3.8050000e+01   2.6201339e+00   1.3129173e+00  -1.3127063e+00  -2.6204515e+00
   3.8100000e+01   2.6220967e+00   1.3132864e+00  -1.3130751e+00  -2.6224147e+00
   3.8150000e+01   2.6137361e+00   1.3145104e+00  -1.3143010e+00  -2.6140525e+00
   3.8200000e+01   2.6028071e+00   1.3106319e+00  -1.3104246e+00  -2.6031216e+00
   3.8250000e+01   2.6054956e+00   1.3068117e+00  -1.3066022e+00  -2.6058127e+00
   3.8300000e+01   2.6083796e+00   1.3065296e+00  -1.3063195e+00  -2.6086975e+00
   3.8350000e+01   2.6009957e+00   1.3063511e+00  -1.3061423e+00  -2.6013126e+00
   3.8400000e+01   2.5894492e+00   1.3033676e+00  -1.3031613e+00  -2.5897639e+00
   3.8450000e+01   2.5911866e+00   1.3019983e+00  -1.3017907e+00  -2.5915029e+00
   3.8500000e+01   2.5947091e+00   1.3006397e+00  -1.3004310e+00  -2.5950268e+00
   3.8550000e+01   2.5882087e+00   1.2976143e+00  -1.2974061e+00  -2.5885260e+00
   3.8600000e+01   2.5763297e+00   1.2955985e+00  -1.2953929e+00  -2.5766448e+00
   3.8650000e+01   2.5772073e+00   1.2966943e+00  -1.2964885e+00  -2.5775229e+00
   3.8700000e+01   2.5811260e+00   1.2948032e+00  -1.2945959e+00  -2.5814435e+00
   3.8750000e+01   2.5753857e+00   1.2898375e+00  -1.2896302e+00  -2.5757032e+00
   3.8800000e+01   2.5633532e+00   1.2884120e+00  -1.2882074e+00  -2.5636685e+00
   3.8850000e+01   2.5635495e+00   1.2900302e+00  -1.2898258e+00  -2.5638649e+00
   3.8900000e+01   2.5676266e+00   1.2881181e+00  -1.2879120e+00  -2.5679440e+00
   3.8950000e+01   2.5625644e+00   1.2839284e+00  -1.2837224e+00  -2.5628818e+00
   3.9000000e+01   2.5504981e+00   1.2825192e+00  -1.2823159e+00  -2.5508132e+00
   3.9050000e+01   2.5502740e+00   1.2823893e+00  -1.2821857e+00  -2.5505896e+00
   3.9100000e+01   2.5542083e+00   1.2804773e+00  -1.2802721e+00  -2.5545259e+00
   3.9150000e+01   2.5496233e+00   1.2786656e+00  -1.2784610e+00  -2.5499405e+00
   3.9200000e+01   2.5377019e+00   1.2774760e+00  -1.2772744e+00  -2.5380165e+00
   3.9250000e+01   2.5375283e+00   1.2747042e+00  -1.2745013e+00  -2.5378443e+00
   3.9300000e+01   2.5409621e+00   1.2723466e+00  -1.2721424e+00  -2.5412798e+00
   3.9350000e+01   2.5364513e+00   1.2729081e+00  -1.2727048e+00  -2.5367683e+00
   3.9400000e+01   2.5249080e+00   1.2721104e+00  -1.2719104e+00  -2.5252221e+00
   3.9450000e+01   2.5254009e+00   1.2679351e+00  -1.2677331e+00  -2.5257172e+00
   3.9500000e+01   2.5279060e+00   1.2651226e+00  -1.2649194e+00  -2.5282239e+00
   3.9550000e+01   2.5229503e+00   1.2662213e+00  -1.2660193e+00  -2.5232672e+00
   3.9600000e+01   2.5121539e+00   1.2657520e+00  -1.2655532e+00  -2.5124679e+00
   3.9650000e+01   2.5139127e+00   1.2621256e+00  -1.2619245e+00  -2.5142292e+00
   3.9700000e+01   2.5150613e+00   1.2593931e+00  -1.2591912e+00  -2.5153790e+00
   3.9750000e+01   2.5090306e+00   1.2592026e+00  -1.2590018e+00  -2.5093474e+00
   3.9800000e+01   2.4994996e+00   1.2584990e+00  -1.2583010e+00  -2.4998140e+00
   3.9850000e+01   2.5028318e+00   1.2562895e+00  -1.2560893e+00  -2.5031485e+00
   3.9900000e+01   2.5024293e+00   1.2546544e+00  -1.2544539e+00  -2.5027468e+00
   3.9950000e+01   2.4947785e+00   1.2526865e+00  -1.2524872e+00  -2.4950949e+00
   4.0000000e+01   2.4871228e+00   1.2506657e+00  -1.2504681e+00  -2.4874380e+00
   4.0050000e+01   2.4918995e+00   1.2498719e+00  -1.2496725e+00  -2.4922167e+00
   4.0100000e+01   2.4898809e+00   1.2497313e+00  -1.2495322e+00  -2.4901981e+00
   4.0150000e+01   2.4802555e+00   1.2468588e+00  -1.2466614e+00  -2.4805712e+00
   4.0200000e+01   2.4753403e+00   1.2433300e+00  -1.2431328e+00  -2.4756560e+00
   4.0250000e+01   2.4808695e+00   1.2430284e+00  -1.2428296e+00  -2.4811872e+00
   4.0300000e+01   2.4772444e+00   1.2439667e+00  -1.2437689e+00  -2.4775614e+00
   4.0350000e+01   2.4658515e+00   1.2411888e+00  -1.2409936e+00  -2.4661662e+00
   4.0400000e+01   2.4644515e+00   1.2371100e+00  -1.2369135e+00  -2.4647677e+00
   4.0450000e+01   2.4693970e+00   1.2365251e+00  -1.2363272e+00  -2.4697150e+00
   4.0500000e+01   2.4642074e+00   1.2374031e+00  -1.2372065e+00  -2.4645244e+00
   4.0550000e+01   2.4523470e+00   1.2349822e+00  -1.2347887e+00  -2.4526611e+00
   4.0600000e+01   2.4544693e+00   1.2319631e+00  -1.2317673e+00  -2.4547859e+00
   4.0650000e+01   2.4573586e+00   1.2310425e+00  -1.2308458e+00  -2.4576765e+00
   4.0700000e+01   2.4504305e+00   1.2302487e+00  -1.2300533e+00  -2.4507474e+00
   4.0750000e+01   2.4404196e+00   1.2281507e+00  -1.2279579e+00  -2.4407342e+00
   4.0800000e+01   2.4450239e+00   1.2269988e+00  -1.2268037e+00  -2.4453410e+00
   4.0850000e+01   2.4446698e+00   1.2260927e+00  -1.2258975e+00  -2.4449875e+00
   4.0900000e+01   2.4356459e+00   1.2233587e+00  -1.2231650e+00  -2.4359623e+00
   4.0950000e+01   2.4301802e+00   1.2211467e+00  -1.2209538e+00  -2.4304961e+00
   4.1000000e+01   2.4353871e+00   1.2214040e+00  -1.2212095e+00  -2.4357047e+00
   4.1050000e+01   2.4313698e+00   1.2210459e+00  -1.2208522e+00  -2.4316870e+00
   4.1100000e+01   2.4204676e+00   1.2172737e+00  -1.2170823e+00  -2.4207828e+00
   4.1150000e+01   2.4208738e+00   1.2144408e+00  -1.2142479e+00  -2.4211908e+00
   4.1200000e+01   2.4248523e+00   1.2151470e+00  -1.2149533e+00  -2.4251704e+00
   4.1250000e+01   2.4175183e+00   1.2154014e+00  -1.2152095e+00  -2.4178349e+00
   4.1300000e+01   2.4072200e+00   1.2118333e+00  -1.2116439e+00  -2.4075343e+00
   4.1350000e+01   2.4118767e+00   1.2086967e+00  -1.2085042e+00  -2.4121945e+00
   4.1400000e+01   2.4130053e+00   1.2087211e+00  -1.2085283e+00  -2.4133236e+00
   4.1450000e+01   2.4030036e+00   1.2090282e+00  -1.2088382e+00  -2.4033195e+00
   4.1500000e+01   2.3979731e+00   1.2064802e+00  -1.2062909e+00  -2.3982885e+00
   4.1550000e+01   2.4027231e+00   1.2036782e+00  -1.2034864e+00  -2.4030413e+00
   4.1600000e+01   2.3994969e+00   1.2028447e+00  -1.2026533e+00  -2.3998150e+00
   4.1650000e+01   2.3883417e+00   1.2022770e+00  -1.2020890e+00  -2.3886566e+00
   4.1700000e+01   2.3905070e+00   1.2005616e+00  -1.2003718e+00  -2.3908242e+00
   4.1750000e+01   2.3926699e+00   1.1989053e+00  -1.1987144e+00  -2.3929883e+00
   4.1800000e+01   2.3845713e+00   1.1977168e+00  -1.1975276e+00  -2.3848884e+00
   4.1850000e+01   2.3759837e+00   1.1955819e+00  -1.1953950e+00  -2.3762988e+00
   4.1900000e+01   2.3821018e+00   1.1940578e+00  -1.1938680e+00  -2.3824201e+00
   4.1950000e+01   2.3809428e+00   1.1938122e+00  -1.1936225e+00  -2.3812612e+00
   4.2000000e+01   2.3694911e+00   1.1927058e+00  -1.1925195e+00  -2.3698066e+00
   4.2050000e+01   2.3681118e+00   1.1896938e+00  -1.1895064e+00  -2.3684285e+00
   4.2100000e+01   2.3720487e+00   1.1876223e+00  -1.1874330e+00  -2.3723676e+00
   4.2150000e+01   2.3667209e+00   1.1879850e+00  -1.1877971e+00  -2.3670387e+00
   4.2200000e+01   2.3570454e+00   1.1875046e+00  -1.1873202e+00  -2.3573601e+00
   4.2250000e+01   2.3617585e+00   1.1845822e+00  -1.1843944e+00  -2.3620768e+00
   4.2300000e+01   2.3603147e+00   1.1816092e+00  -1.1814209e+00  -2.3606338e+00
   4.2350000e+01   2.3503367e+00   1.1816391e+00  -1.1814538e+00  -2.3506532e+00
   4.2400000e+01   2.3485143e+00   1.1821103e+00  -1.1819257e+00  -2.3488304e+00
   4.2450000e+01   2.3534055e+00   1.1796340e+00  -1.1794467e+00  -2.3537245e+00
   4.2500000e+01   2.3468757e+00   1.1762801e+00  -1.1760935e+00  -2.3471944e+00
   4.2550000e+01   2.3364081e+00   1.1755382e+00  -1.1753550e+00  -2.3367235e+00
   4.2600000e+01   2.3416480e+00   1.1762028e+00  -1.1760173e+00  -2.3419660e+00
   4.2650000e+01   2.3420473e+00   1.1742639e+00  -1.1740777e+00  -2.3423664e+00
   4.2700000e+01   2.3315537e+00   1.1713821e+00  -1.1711981e+00  -2.3318709e+00
   4.2750000e+01   2.3294055e+00   1.1703965e+00  -1.1702126e+00  -2.3297228e+00
   4.2800000e+01   2.3338401e+00   1.1700124e+00  -1.1698269e+00  -2.3341593e+00
   4.2850000e+01   2.3275805e+00   1.1683319e+00  -1.1681475e+00  -2.3278991e+00
   4.2900000e+01   2.3174093e+00   1.1664750e+00  -1.1662939e+00  -2.3177247e+00
   4.2950000e+01   2.3232055e+00   1.1657611e+00  -1.1655770e+00  -2.3235244e+00
   4.3000000e+01   2.3230603e+00   1.1639364e+00  -1.1637516e+00  -2.3233800e+00
   4.3050000e+01   2.3118761e+00   1.1620262e+00  -1.1618442e+00  -2.3121934e+00
   4.3100000e+01   2.3106721e+00   1.1615928e+00  -1.1614108e+00  -2.3109895e+00
   4.3150000e+01   2.3143890e+00   1.1610990e+00  -1.1609155e+00  -2.3147084e+00
   4.3200000e+01   2.3083624e+00   1.1583848e+00  -1.1582020e+00  -2.3086812e+00
   4.3250000e+01   2.2998707e+00   1.1560360e+00  -1.1558554e+00  -2.3001878e+00
   4.3300000e+01   2.3056895e+00   1.1561345e+00  -1.1559516e+00  -2.3060092e+00
   4.3350000e+01   2.3027576e+00   1.1560056e+00  -1.1558233e+00  -2.3030770e+00
   4.3400000e+01   2.2914486e+00   1.1533043e+00  -1.1531254e+00  -2.2917648e+00
   4.3450000e+01   2.2937015e+00   1.1506942e+00  -1.1505128e+00  -2.2940207e+00
   4.3500000e+01   2.2968287e+00   1.1502068e+00  -1.1500243e+00  -2.2971492e+00
   4.3550000e+01   2.2879936e+00   1.1505122e+00  -1.1503324e+00  -2.2883117e+00
   4.3600000e+01   2.2822830e+00   1.1486954e+00  -1.1485171e+00  -2.2825999e+00
   4.3650000e+01   2.2878053e+00   1.1457369e+00  -1.1455553e+00  -2.2881258e+00
   4.3700000e+01   2.2833795e+00   1.1444214e+00  -1.1442404e+00  -2.2836997e+00
   4.3750000e+01   2.2725177e+00   1.1445604e+00  -1.1443839e+00  -2.2728337e+00
   4.3800000e+01   2.2776388e+00   1.1438997e+00  -1.1437200e+00  -2.2779583e+00
   4.3850000e+01   2.2782248e+00   1.1411852e+00  -1.1410045e+00  -2.2785455e+00
   4.3900000e+01   2.2672530e+00   1.1390792e+00  -1.1389012e+00  -2.2675714e+00
   4.3950000e+01   2.2660150e+00   1.1388763e+00  -1.1386983e+00  -2.2663335e+00
   4.4000000e+01   2.2697956e+00   1.1386372e+00  -1.1384576e+00  -2.2701161e+00
   4.4050000e+01   2.2632396e+00   1.1364649e+00  -1.1362865e+00  -2.2635592e+00
   4.4100000e+01   2.2558556e+00   1.1341529e+00  -1.1339766e+00  -2.2561736e+00
   4.4150000e+01   2.2619635e+00   1.1335231e+00  -1.1333439e+00  -2.2622845e+00
   4.4200000e+01   2.2578693e+00   1.1331052e+00  -1.1329269e+00  -2.2581897e+00
   4.4250000e+01   2.2466737e+00   1.1311368e+00  -1.1309625e+00  -2.2469905e+00
   4.4300000e+01   2.2512476e+00   1.1297136e+00  -1.1295361e+00  -2.2515680e+00
   4.4350000e+01   2.2524295e+00   1.1286469e+00  -1.1284686e+00  -2.2527510e+00
   4.4400000e+01   2.2420533e+00   1.1272454e+00  -1.1270700e+00  -2.2423721e+00
   4.4450000e+01   2.2409893e+00   1.1258814e+00  -1.1257055e+00  -2.2413089e+00
   4.4500000e+01   2.2450683e+00   1.1251855e+00  -1.1250078e+00  -2.2453899e+00
   4.4550000e+01   2.2373104e+00   1.1239791e+00  -1.1238034e+00  -2.2376304e+00
   4.4600000e+01   2.2297937e+00   1.1217081e+00  -1.1215346e+00  -2.2301118e+00
   4.4650000e+01   2.2362297e+00   1.1204842e+00  -1.1203073e+00  -2.2365515e+00
   4.4700000e+01   2.2330519e+00   1.1202163e+00  -1.1200401e+00  -2.2333733e+00
   4.4750000e+01   2.2223672e+00   1.1191815e+00  -1.1190095e+00  -2.2226847e+00
   4.4800000e+01   2.2273056e+00   1.1170719e+00  -1.1168962e+00  -2.2276270e+00
   4.4850000e+01   2.2261821e+00   1.1151074e+00  -1.1149314e+00  -2.2265042e+00
   4.4900000e+01   2.2154972e+00   1.1146036e+00  -1.1144314e+00  -2.2158158e+00
   4.4950000e+01   2.2170141e+00   1.1146321e+00  -1.1144587e+00  -2.2173342e+00
   4.5000000e+01   2.2203564e+00   1.1126931e+00  -1.1125177e+00  -2.2206788e+00
   4.5050000e+01   2.2111632e+00   1.1099472e+00  -1.1097737e+00  -2.2114841e+00
   4.5100000e+01   2.2071618e+00   1.1091839e+00  -1.1090115e+00  -2.2074818e+00
   4.5150000e+01   2.2123478e+00   1.1096599e+00  -1.1094855e+00  -2.2126701e+00
   4.5200000e+01   2.2062018e+00   1.1081737e+00  -1.1080007e+00  -2.2065231e+00
   4.5250000e+01   2.1972926e+00   1.1051929e+00  -1.1050225e+00  -2.1976115e+00
   4.5300000e+01   2.2040570e+00   1.1040384e+00  -1.1038644e+00  -2.2043798e+00
   4.5350000e+01   2.2014720e+00   1.1042895e+00  -1.1041161e+00  -2.2017944e+00
   4.5400000e+01   2.1903967e+00   1.1033610e+00  -1.1031923e+00  -2.1907149e+00
   4.5450000e+01   2.1951742e+00   1.1011375e+00  -1.1009649e+00  -2.1954966e+00
   4.5500000e+01   2.1944829e+00   1.0989912e+00  -1.0988180e+00  -2.1948061e+00
   4.5550000e+01   2.1838994e+00   1.0985996e+00  -1.0984303e+00  -2.1842190e+00
   4.5600000e+01   2.1856610e+00   1.0987821e+00  -1.0986115e+00  -2.1859822e+00
   4.5650000e+01   2.1887187e+00   1.0968900e+00  -1.0967174e+00  -2.1890421e+00
   4.5700000e+01   2.1791043e+00   1.0942273e+00  -1.0940570e+00  -2.1794258e+00
   4.5750000e+01   2.1765983e+00   1.0935528e+00  -1.0933830e+00  -2.1769196e+00
   4.5800000e+01   2.1810755e+00   1.0937544e+00  -1.0935827e+00  -2.1813990e+00
   4.5850000e+01   2.1738322e+00   1.0921405e+00  -1.0919707e+00  -2.1741542e+00
   4.5900000e+01   2.1670604e+00   1.0898410e+00  -1.0896732e+00  -2.1673806e+00
   4.5950000e+01   2.1736717e+00   1.0889678e+00  -1.0887966e+00  -2.1739957e+00
   4.6000000e+01   2.1691603e+00   1.0883874e+00  -1.0882172e+00  -2.1694835e+00
   4.6050000e+01   2.1594474e+00   1.0871623e+00  -1.0869961e+00  -2.1597671e+00
   4.6100000e+01   2.1656710e+00   1.0858967e+00  -1.0857265e+00  -2.1659948e+00
   4.6150000e+01   2.1626863e+00   1.0843514e+00  -1.0841815e+00  -2.1630102e+00
   4.6200000e+01   2.1518023e+00   1.0829386e+00  -1.0827729e+00  -2.1521221e+00
   4.6250000e+01   2.1568883e+00   1.0826126e+00  -1.0824437e+00  -2.1572118e+00
   4.6300000e+01   2.1572807e+00   1.0814434e+00  -1.0812739e+00  -2.1576051e+00
   4.6350000e+01   2.1463211e+00   1.0795960e+00  -1.0794302e+00  -2.1466421e+00
   4.6400000e+01   2.1491253e+00   1.0785647e+00  -1.0783966e+00  -2.1494489e+00
   4.6450000e+01   2.1504846e+00   1.0777868e+00  -1.0776178e+00  -2.1508095e+00
   4.6500000e+01   2.1400797e+00   1.0763265e+00  -1.0761610e+00  -2.1404013e+00
   4.6550000e+01   2.1400797e+00   1.0753158e+00  -1.0751494e+00  -2.1404025e+00
   4.6600000e+01   2.1439238e+00   1.0743972e+00  -1.0742288e+00  -2.1442489e+00
   4.6650000e+01   2.1353415e+00   1.0726971e+00  -1.0725309e+00  -2.1356646e+00
   4.6700000e+01   2.1320327e+00   1.0714444e+00  -1.0712790e+00  -2.1323555e+00
   4.6750000e+01   2.1372136e+00   1.0710686e+00  -1.0709008e+00  -2.1375390e+00
   4.6800000e+01   2.1295654e+00   1.0699748e+00  -1.0698092e+00  -2.1298890e+00
   4.6850000e+01   2.1234933e+00   1.0679577e+00  -1.0677939e+00  -2.1238153e+00
   4.6900000e+01   2.1293017e+00   1.0668850e+00  -1.0667178e+00  -2.1296274e+00
   4.6950000e+01   2.1242052e+00   1.0662485e+00  -1.0660827e+00  -2.1245298e+00
   4.7000000e+01   2.1162354e+00   1.0652798e+00  -1.0651176e+00  -2.1165568e+00
   4.7050000e+01   2.1229384e+00   1.0640329e+00  -1.0638664e+00  -2.1232643e+00
   4.7100000e+01   2.1184449e+00   1.0623078e+00  -1.0621420e+00  -2.1187704e+00
   4.7150000e+01   2.1085794e+00   1.0610269e+00  -1.0608652e+00  -2.1089011e+00
   4.7200000e+01   2.1152599e+00   1.0610034e+00  -1.0608380e+00  -2.1155857e+00
   4.7250000e+01   2.1123472e+00   1.0599810e+00  -1.0598160e+00  -2.1126728e+00
   4.7300000e+01   2.1015831e+00   1.0575502e+00  -1.0573894e+00  -2.1019049e+00
   4.7350000e+01   2.1077009e+00   1.0564154e+00  -1.0562504e+00  -2.1080271e+00
   4.7400000e+01   2.1067647e+00   1.0563717e+00  -1.0562069e+00  -2.1070911e+00
   4.7450000e+01   2.0958729e+00   1.0554939e+00  -1.0553340e+00  -2.0961947e+00
   4.7500000e+01   2.1006734e+00   1.0537060e+00  -1.0535420e+00  -2.1009995e+00
   4.7550000e+01   2.0998564e+00   1.0518992e+00  -1.0517347e+00  -2.1001834e+00
   4.7600000e+01   2.0888727e+00   1.0511971e+00  -1.0510373e+00  -2.0891952e+00
   4.7650000e+01   2.0930080e+00   1.0512266e+00  -1.0510640e+00  -2.0933337e+00
   4.7700000e+01   2.0941428e+00   1.0497976e+00  -1.0496338e+00  -2.0944700e+00
   4.7750000e+01   2.0832193e+00   1.0474387e+00  -1.0472786e+00  -2.0835431e+00
   4.7800000e+01   2.0862190e+00   1.0465954e+00  -1.0464329e+00  -2.0865456e+00
   4.7850000e+01   2.0879316e+00   1.0466554e+00  -1.0464921e+00  -2.0882592e+00
   4.7900000e+01   2.0771605e+00   1.0455517e+00  -1.0453929e+00  -2.0774839e+00
   4.7950000e+01   2.0787400e+00   1.0435436e+00  -1.0433822e+00  -2.0790663e+00
   4.8000000e+01   2.0808455e+00   1.0419598e+00  -1.0417969e+00  -2.0811737e+00
   4.8050000e+01   2.0711777e+00   1.0416558e+00  -1.0414968e+00  -2.0715022e+00
   4.8100000e+01   2.0717342e+00   1.0415246e+00  -1.0413647e+00  -2.0720600e+00
   4.8150000e+01   2.0751190e+00   1.0397797e+00  -1.0396175e+00  -2.0754474e+00
   4.8200000e+01   2.0653662e+00   1.0374941e+00  -1.0373347e+00  -2.0656920e+00
   4.8250000e+01   2.0651472e+00   1.0370155e+00  -1.0368556e+00  -2.0654738e+00
   4.8300000e+01   2.0684737e+00   1.0371099e+00  -1.0369485e+00  -2.0688022e+00
   4.8350000e+01   2.0589911e+00   1.0356284e+00  -1.0354705e+00  -2.0593164e+00
   4.8400000e+01   2.0579127e+00   1.0336159e+00  -1.0334570e+00  -2.0582393e+00
   4.8450000e+01   2.0620104e+00   1.0325106e+00  -1.0323494e+00  -2.0623397e+00
   4.8500000e+01   2.0533207e+00   1.0322334e+00  -1.0320755e+00  -2.0536469e+00
   4.8550000e+01   2.0516415e+00   1.0317316e+00  -1.0315740e+00  -2.0519678e+00
   4.8600000e+01   2.0559970e+00   1.0299504e+00  -1.0297898e+00  -2.0563265e+00
   4.8650000e+01   2.0469891e+00   1.0278831e+00  -1.0277251e+00  -2.0473164e+00
   4.8700000e+01   2.0451100e+00   1.0275907e+00  -1.0274332e+00  -2.0454370e+00
   4.8750000e+01   2.0491272e+00   1.0276820e+00  -1.0275225e+00  -2.0494566e+00
   4.8800000e+01   2.0406615e+00   1.0259249e+00  -1.0257683e+00  -2.0409883e+00
   4.8850000e+01   2.0384475e+00   1.0238995e+00  -1.0237425e+00  -2.0387749e+00
   4.8900000e+01   2.0433260e+00   1.0232250e+00  -1.0230655e+00  -2.0436563e+00
   4.8950000e+01   2.0348921e+00   1.0229171e+00  -1.0227608e+00  -2.0352194e+00
   4.9000000e+01   2.0325478e+00   1.0220273e+00  -1.0218715e+00  -2.0328750e+00
   4.9050000e+01   2.0371623e+00   1.0203506e+00  -1.0201917e+00  -2.0374928e+00
   4.9100000e+01   2.0282440e+00   1.0186319e+00  -1.0184758e+00  -2.0285722e+00
   4.9150000e+01   2.0262443e+00   1.0183406e+00  -1.0181850e+00  -2.0265721e+00
   4.9200000e+01   2.0303139e+00   1.0182398e+00  -1.0180820e+00  -2.0306443e+00
   4.9250000e+01   2.0218559e+00   1.0163884e+00  -1.0162335e+00  -2.0221836e+00
   4.9300000e+01   2.0202608e+00   1.0144816e+00  -1.0143261e+00  -2.0205895e+00
   4.9350000e+01   2.0247578e+00   1.0140353e+00  -1.0138775e+00  -2.0250891e+00
   4.9400000e+01   2.0158231e+00   1.0137366e+00  -1.0135825e+00  -2.0161510e+00
   4.9450000e+01   2.0146230e+00   1.0126084e+00  -1.0124539e+00  -2.0149516e+00
   4.9500000e+01   2.0185678e+00   1.0109130e+00  -1.0107558e+00  -2.0188994e+00
   4.9550000e+01   2.0091443e+00   1.0095210e+00  -1.0093671e+00  -2.0094729e+00
   4.9600000e+01   2.0084846e+00   1.0092568e+00  -1.0091027e+00  -2.0088137e+00
   4.9650000e+01   2.0119830e+00   1.0088599e+00  -1.0087038e+00  -2.0123146e+00
   4.9700000e+01   2.0027375e+00   1.0070283e+00  -1.0068756e+00  -2.0030658e+00
   4.9750000e+01   2.0030227e+00   1.0054104e+00  -1.0052562e+00  -2.0033530e+00
   4.9800000e+01   2.0063266e+00   1.0049930e+00  -1.0048369e+00  -2.0066588e+00
   4.9850000e+01   1.9963849e+00   1.0045826e+00  -1.0044312e+00  -1.9967129e+00
   4.9900000e+01   1.9978889e+00   1.0034256e+00  -1.0032719e+00  -1.9982194e+00
   4.9950000e+01   2.0000369e+00   1.0016510e+00  -1.0014955e+00  -2.0003696e+00
   5.0000000e+01   1.9895646e+00   1.0004560e+00  -1.0003050e+00  -1.9898931e+00
